param,mean,median,ci_0.950_LB,ci_0.950_UB
Q_ind_1_anc_1-1,0.000008,0.000000,0.000000,0.000087
Q_ind_2_anc_1-1,0.000008,0.000000,0.000000,0.000080
Q_ind_3_anc_1-1,0.000143,0.000000,0.000000,0.001154
Q_ind_4_anc_1-1,0.005110,0.005007,0.002769,0.008077
Q_ind_5_anc_1-1,0.007850,0.007726,0.004705,0.011618
Q_ind_6_anc_1-1,0.004195,0.004079,0.002062,0.006918
Q_ind_7_anc_1-1,0.004925,0.004828,0.002594,0.007796
Q_ind_8_anc_1-1,0.004372,0.004249,0.002241,0.007238
Q_ind_9_anc_1-1,0.004444,0.004312,0.002327,0.007202
Q_ind_10_anc_1-1,0.003804,0.003704,0.001810,0.006487
Q_ind_11_anc_1-1,0.008479,0.008351,0.005440,0.012132
Q_ind_12_anc_1-1,0.004184,0.004074,0.002161,0.006735
Q_ind_13_anc_1-1,0.002222,0.002092,0.000703,0.004441
Q_ind_14_anc_1-1,0.003402,0.003273,0.001511,0.005968
Q_ind_15_anc_1-1,0.008658,0.008540,0.005388,0.012619
Q_ind_16_anc_1-1,0.004084,0.003987,0.002027,0.006805
Q_ind_17_anc_1-1,0.000167,0.000000,0.000000,0.001263
Q_ind_18_anc_1-1,0.005711,0.005592,0.003091,0.009037
Q_ind_19_anc_1-1,0.003552,0.003454,0.001626,0.006135
Q_ind_20_anc_1-1,0.003818,0.003712,0.001917,0.006230
Q_ind_21_anc_1-1,0.002398,0.002282,0.000945,0.004438
Q_ind_22_anc_1-1,0.001786,0.001660,0.000496,0.003818
Q_ind_23_anc_1-1,0.002849,0.002740,0.001240,0.005074
Q_ind_24_anc_1-1,0.001861,0.001743,0.000618,0.003715
Q_ind_25_anc_1-1,0.002716,0.002590,0.001213,0.004875
Q_ind_26_anc_1-1,0.002067,0.001963,0.000752,0.004008
Q_ind_27_anc_1-1,0.004929,0.004784,0.002686,0.007856
Q_ind_28_anc_1-1,0.005712,0.005595,0.003029,0.009091
Q_ind_29_anc_1-1,0.001275,0.001151,0.000131,0.003132
Q_ind_30_anc_1-1,0.001265,0.001149,0.000227,0.003001
Q_ind_31_anc_1-1,0.999986,1.000000,0.999852,1.000000
Q_ind_32_anc_1-1,0.999986,1.000000,0.999837,1.000000
Q_ind_33_anc_1-1,0.999987,1.000000,0.999850,1.000000
Q_ind_34_anc_1-1,0.999978,1.000000,0.999741,1.000000
Q_ind_35_anc_1-1,0.999984,1.000000,0.999824,1.000000
Q_ind_36_anc_1-1,0.999987,1.000000,0.999847,1.000000
Q_ind_37_anc_1-1,0.999986,1.000000,0.999859,1.000000
Q_ind_38_anc_1-1,0.999986,1.000000,0.999849,1.000000
Q_ind_39_anc_1-1,0.999978,1.000000,0.999748,1.000000
Q_ind_40_anc_1-1,0.999858,1.000000,0.998751,1.000000
Q_ind_41_anc_1-1,0.999986,1.000000,0.999843,1.000000
Q_ind_42_anc_1-1,0.999986,1.000000,0.999831,1.000000
Q_ind_43_anc_1-1,0.999986,1.000000,0.999847,1.000000
Q_ind_44_anc_1-1,0.999987,1.000000,0.999843,1.000000
Q_ind_45_anc_1-1,0.999982,1.000000,0.999809,1.000000
Q_ind_46_anc_1-1,0.999979,1.000000,0.999757,1.000000
Q_ind_47_anc_1-1,0.999989,1.000000,0.999867,1.000000
Q_ind_48_anc_1-1,0.999984,1.000000,0.999813,1.000000
Q_ind_49_anc_1-1,0.999973,1.000000,0.999709,1.000000
Q_ind_50_anc_1-1,0.999985,1.000000,0.999843,1.000000
Q_ind_51_anc_1-1,0.999967,1.000000,0.999619,1.000000
Q_ind_52_anc_1-1,0.999985,1.000000,0.999832,1.000000
Q_ind_53_anc_1-1,0.999985,1.000000,0.999815,1.000000
Q_ind_54_anc_1-1,0.999982,1.000000,0.999800,1.000000
Q_ind_55_anc_1-1,0.999967,1.000000,0.999602,1.000000
Q_ind_56_anc_1-1,0.999979,1.000000,0.999764,1.000000
Q_ind_57_anc_1-1,0.999987,1.000000,0.999857,1.000000
Q_ind_58_anc_1-1,0.999984,1.000000,0.999803,1.000000
Q_ind_59_anc_1-1,0.999971,1.000000,0.999681,1.000000
Q_ind_60_anc_1-1,0.999983,1.000000,0.999805,1.000000
Q_ind_61_anc_1-1,0.003183,0.003076,0.001437,0.005597
Q_ind_62_anc_1-1,0.000030,0.000000,0.000000,0.000377
Q_ind_63_anc_1-1,0.000008,0.000000,0.000000,0.000084
Q_ind_64_anc_1-1,0.000070,0.000000,0.000000,0.000680
Q_ind_65_anc_1-1,0.000009,0.000000,0.000000,0.000084
Q_ind_66_anc_1-1,0.000051,0.000000,0.000000,0.000581
Q_ind_67_anc_1-1,0.000007,0.000000,0.000000,0.000061
Q_ind_68_anc_1-1,0.000011,0.000000,0.000000,0.000114
Q_ind_69_anc_1-1,0.000008,0.000000,0.000000,0.000076
Q_ind_70_anc_1-1,0.000088,0.000000,0.000000,0.000809
Q_ind_71_anc_1-1,0.000968,0.000854,0.000169,0.002367
Q_ind_72_anc_1-1,0.000041,0.000000,0.000000,0.000506
Q_ind_73_anc_1-1,0.000653,0.000541,0.000000,0.002081
Q_ind_74_anc_1-1,0.000044,0.000000,0.000000,0.000573
Q_ind_75_anc_1-1,0.002718,0.002602,0.001086,0.005017
Q_ind_76_anc_1-1,0.006426,0.006318,0.003758,0.009776
Q_ind_77_anc_1-1,0.001204,0.001084,0.000231,0.002825
Q_ind_78_anc_1-1,0.021366,0.021232,0.016163,0.027148
Q_ind_79_anc_1-1,0.010455,0.010336,0.006916,0.014632
Q_ind_80_anc_1-1,0.000474,0.000302,0.000000,0.001916
Q_ind_81_anc_1-1,0.000605,0.000497,0.000000,0.001903
Q_ind_82_anc_1-1,0.009229,0.009119,0.005879,0.013148
Q_ind_83_anc_1-1,0.004689,0.004567,0.002343,0.007630
Q_ind_84_anc_1-1,0.002162,0.002029,0.000674,0.004312
Q_ind_85_anc_1-1,0.999986,1.000000,0.999848,1.000000
Q_ind_86_anc_1-1,0.010268,0.010178,0.006614,0.014535
Q_ind_87_anc_1-1,0.003647,0.003527,0.001666,0.006327
Q_ind_88_anc_1-1,0.001098,0.000986,0.000174,0.002647
Q_ind_89_anc_1-1,0.003791,0.003670,0.001674,0.006595
Q_ind_90_anc_1-1,0.001826,0.001711,0.000503,0.003858
Q_ind_91_anc_1-1,0.009755,0.009634,0.006149,0.013972
Q_ind_92_anc_1-1,0.999986,1.000000,0.999839,1.000000
Q_ind_93_anc_1-1,0.927171,0.927240,0.916464,0.936974
Q_ind_94_anc_1-1,0.993314,0.993450,0.989537,0.996268
Q_ind_95_anc_1-1,0.999946,1.000000,0.999471,1.000000
Q_ind_96_anc_1-1,0.999986,1.000000,0.999832,1.000000
Q_ind_97_anc_1-1,0.999969,1.000000,0.999615,1.000000
Q_ind_98_anc_1-1,0.999120,0.999472,0.996628,1.000000
Q_ind_99_anc_1-1,0.996554,0.996668,0.993487,0.999083
Q_ind_100_anc_1-1,0.999984,1.000000,0.999828,1.000000
Q_ind_101_anc_1-1,0.999985,1.000000,0.999824,1.000000
Q_ind_102_anc_1-1,0.999980,1.000000,0.999756,1.000000
Q_ind_103_anc_1-1,0.999976,1.000000,0.999738,1.000000
Q_ind_104_anc_1-1,0.999984,1.000000,0.999808,1.000000
Q_ind_105_anc_1-1,0.999986,1.000000,0.999830,1.000000
Q_ind_106_anc_1-1,0.999983,1.000000,0.999796,1.000000
Q_ind_107_anc_1-1,0.999987,1.000000,0.999860,1.000000
Q_ind_108_anc_1-1,0.999987,1.000000,0.999852,1.000000
Q_ind_109_anc_1-1,0.999981,1.000000,0.999769,1.000000
Q_ind_110_anc_1-1,0.999985,1.000000,0.999837,1.000000
Q_ind_111_anc_1-1,0.999894,1.000000,0.999269,1.000000
Q_ind_112_anc_1-1,0.999986,1.000000,0.999845,1.000000
Q_ind_113_anc_1-1,0.999984,1.000000,0.999809,1.000000
Q_ind_114_anc_1-1,0.999979,1.000000,0.999765,1.000000
Q_ind_115_anc_1-1,0.999986,1.000000,0.999844,1.000000
Q_ind_116_anc_1-1,0.999588,0.999707,0.998505,1.000000
Q_ind_117_anc_1-1,0.999852,1.000000,0.998765,1.000000
Q_ind_118_anc_1-1,0.999984,1.000000,0.999816,1.000000
Q_ind_119_anc_1-1,0.999966,1.000000,0.999578,1.000000
Q_ind_120_anc_1-1,0.999986,1.000000,0.999843,1.000000
Q_ind_121_anc_1-1,0.991271,0.991381,0.987452,0.994422
Q_ind_122_anc_1-1,0.999973,1.000000,0.999690,1.000000
Q_ind_123_anc_1-1,0.999979,1.000000,0.999747,1.000000
Q_ind_124_anc_1-1,0.999981,1.000000,0.999784,1.000000
Q_ind_125_anc_1-1,0.999884,1.000000,0.999098,1.000000
Q_ind_126_anc_1-1,0.999986,1.000000,0.999845,1.000000
Q_ind_127_anc_1-1,0.999986,1.000000,0.999840,1.000000
Q_ind_128_anc_1-1,0.017974,0.017916,0.013275,0.023092
Q_ind_129_anc_1-1,0.999981,1.000000,0.999792,1.000000
Q_ind_130_anc_1-1,0.999906,1.000000,0.999041,1.000000
Q_ind_131_anc_1-1,0.999825,1.000000,0.998529,1.000000
Q_ind_132_anc_1-1,0.005223,0.005107,0.002845,0.008150
Q_ind_133_anc_1-1,0.999975,1.000000,0.999717,1.000000
Q_ind_134_anc_1-1,0.999986,1.000000,0.999826,1.000000
Q_ind_135_anc_1-1,0.004322,0.004190,0.002232,0.007087
Q_ind_136_anc_1-1,0.999977,1.000000,0.999736,1.000000
Q_ind_137_anc_1-1,0.007098,0.006979,0.004263,0.010570
Q_ind_138_anc_1-1,0.999986,1.000000,0.999851,1.000000
Q_ind_139_anc_1-1,0.003638,0.003527,0.001640,0.006299
Q_ind_140_anc_1-1,0.009795,0.009698,0.006461,0.013770
Q_ind_141_anc_1-1,0.004709,0.004582,0.002473,0.007650
Q_ind_142_anc_1-1,0.999977,1.000000,0.999742,1.000000
Q_ind_143_anc_1-1,0.999982,1.000000,0.999807,1.000000
Q_ind_144_anc_1-1,0.999983,1.000000,0.999823,1.000000
Q_ind_145_anc_1-1,0.999986,1.000000,0.999829,1.000000
Q_ind_146_anc_1-1,0.999985,1.000000,0.999826,1.000000
Q_ind_147_anc_1-1,0.999988,1.000000,0.999857,1.000000
Q_ind_148_anc_1-1,0.999969,1.000000,0.999652,1.000000
Q_ind_149_anc_1-1,0.999986,1.000000,0.999835,1.000000
Q_ind_150_anc_1-1,0.999986,1.000000,0.999828,1.000000
Q_ind_151_anc_1-1,0.999987,1.000000,0.999851,1.000000
Q_ind_152_anc_1-1,0.999987,1.000000,0.999849,1.000000
Q_ind_153_anc_1-1,0.999985,1.000000,0.999823,1.000000
Q_ind_154_anc_1-1,0.999986,1.000000,0.999838,1.000000
Q_ind_155_anc_1-1,0.999983,1.000000,0.999797,1.000000
Q_ind_156_anc_1-1,0.999391,0.999997,0.996693,1.000000
Q_ind_157_anc_1-1,0.999978,1.000000,0.999726,1.000000
Q_ind_158_anc_1-1,0.999987,1.000000,0.999852,1.000000
Q_ind_159_anc_1-1,0.999987,1.000000,0.999853,1.000000
Q_ind_160_anc_1-1,0.999986,1.000000,0.999842,1.000000
Q_ind_161_anc_1-1,0.999974,1.000000,0.999714,1.000000
Q_ind_162_anc_1-1,0.999979,1.000000,0.999760,1.000000
Q_ind_163_anc_1-1,0.999985,1.000000,0.999828,1.000000
Q_ind_164_anc_1-1,0.999986,1.000000,0.999847,1.000000
Q_ind_165_anc_1-1,0.999986,1.000000,0.999831,1.000000
Q_ind_166_anc_1-1,0.999933,1.000000,0.999345,1.000000
Q_ind_167_anc_1-1,0.999987,1.000000,0.999851,1.000000
Q_ind_168_anc_1-1,0.999986,1.000000,0.999841,1.000000
Q_ind_169_anc_1-1,0.999982,1.000000,0.999783,1.000000
Q_ind_170_anc_1-1,0.999984,1.000000,0.999824,1.000000
Q_ind_171_anc_1-1,0.999985,1.000000,0.999837,1.000000
Q_ind_172_anc_1-1,0.999982,1.000000,0.999779,1.000000
Q_ind_173_anc_1-1,0.999987,1.000000,0.999845,1.000000
Q_ind_174_anc_1-1,0.999981,1.000000,0.999782,1.000000
Q_ind_175_anc_1-1,0.999979,1.000000,0.999761,1.000000
Q_ind_176_anc_1-1,0.999982,1.000000,0.999809,1.000000
Q_ind_177_anc_1-1,0.999972,1.000000,0.999679,1.000000
Q_ind_178_anc_1-1,0.999969,1.000000,0.999650,1.000000
Q_ind_179_anc_1-1,0.999987,1.000000,0.999835,1.000000
Q_ind_180_anc_1-1,0.999962,1.000000,0.999536,1.000000
Q_ind_181_anc_1-1,0.999942,1.000000,0.999284,1.000000
Q_ind_182_anc_1-1,0.999978,1.000000,0.999744,1.000000
Q_ind_183_anc_1-1,0.999981,1.000000,0.999785,1.000000
Q_ind_184_anc_1-1,0.999986,1.000000,0.999837,1.000000
Q_ind_185_anc_1-1,0.999980,1.000000,0.999778,1.000000
Q_ind_186_anc_1-1,0.999980,1.000000,0.999773,1.000000
Q_ind_187_anc_1-1,0.999980,1.000000,0.999753,1.000000
Q_ind_188_anc_1-1,0.999986,1.000000,0.999832,1.000000
Q_ind_189_anc_1-1,0.999986,1.000000,0.999843,1.000000
Q_ind_190_anc_1-1,0.999987,1.000000,0.999864,1.000000
Q_ind_191_anc_1-1,0.999979,1.000000,0.999743,1.000000
Q_ind_192_anc_1-1,0.999983,1.000000,0.999808,1.000000
Q_ind_193_anc_1-1,0.002413,0.002296,0.000958,0.004498
Q_ind_194_anc_1-1,0.999976,1.000000,0.999724,1.000000
Q_ind_195_anc_1-1,0.999976,1.000000,0.999714,1.000000
Q_ind_196_anc_1-1,0.999986,1.000000,0.999838,1.000000
Q_ind_197_anc_1-1,0.999975,1.000000,0.999728,1.000000
Q_ind_198_anc_1-1,0.000989,0.000859,0.000000,0.002812
Q_ind_199_anc_1-1,0.000009,0.000000,0.000000,0.000099
Q_ind_200_anc_1-1,0.999985,1.000000,0.999835,1.000000
Q_ind_201_anc_1-1,0.999968,1.000000,0.999626,1.000000
Q_ind_202_anc_1-1,0.999966,1.000000,0.999583,1.000000
Q_ind_203_anc_1-1,0.999985,1.000000,0.999823,1.000000
Q_ind_204_anc_1-1,0.999984,1.000000,0.999813,1.000000
Q_ind_205_anc_1-1,0.679005,0.679019,0.662093,0.696387
Q_ind_206_anc_1-1,0.999983,1.000000,0.999803,1.000000
Q_ind_207_anc_1-1,0.999957,1.000000,0.999495,1.000000
Q_ind_208_anc_1-1,0.999978,1.000000,0.999753,1.000000
Q_ind_209_anc_1-1,0.999986,1.000000,0.999829,1.000000
Q_ind_210_anc_1-1,0.241880,0.241814,0.225733,0.258983
Q_ind_211_anc_1-1,0.999986,1.000000,0.999843,1.000000
Q_ind_212_anc_1-1,0.999986,1.000000,0.999836,1.000000
Q_ind_213_anc_1-1,0.999985,1.000000,0.999838,1.000000
Q_ind_214_anc_1-1,0.999981,1.000000,0.999793,1.000000
Q_ind_215_anc_1-1,0.999984,1.000000,0.999821,1.000000
Q_ind_216_anc_1-1,0.999983,1.000000,0.999800,1.000000
Q_ind_217_anc_1-1,0.999974,1.000000,0.999687,1.000000
Q_ind_1_anc_2-1,0.000009,0.000000,0.000000,0.000090
Q_ind_2_anc_2-1,0.000009,0.000000,0.000000,0.000092
Q_ind_3_anc_2-1,0.000011,0.000000,0.000000,0.000121
Q_ind_4_anc_2-1,0.000034,0.000000,0.000000,0.000457
Q_ind_5_anc_2-1,0.000024,0.000000,0.000000,0.000285
Q_ind_6_anc_2-1,0.000013,0.000000,0.000000,0.000128
Q_ind_7_anc_2-1,0.000046,0.000000,0.000000,0.000610
Q_ind_8_anc_2-1,0.000035,0.000000,0.000000,0.000469
Q_ind_9_anc_2-1,0.000011,0.000000,0.000000,0.000114
Q_ind_10_anc_2-1,0.000013,0.000000,0.000000,0.000132
Q_ind_11_anc_2-1,0.000025,0.000000,0.000000,0.000307
Q_ind_12_anc_2-1,0.000141,0.000000,0.000000,0.001684
Q_ind_13_anc_2-1,0.000014,0.000000,0.000000,0.000137
Q_ind_14_anc_2-1,0.000016,0.000000,0.000000,0.000167
Q_ind_15_anc_2-1,0.000589,0.000000,0.000000,0.003750
Q_ind_16_anc_2-1,0.000025,0.000000,0.000000,0.000311
Q_ind_17_anc_2-1,0.000010,0.000000,0.000000,0.000119
Q_ind_18_anc_2-1,0.000030,0.000000,0.000000,0.000385
Q_ind_19_anc_2-1,0.000018,0.000000,0.000000,0.000191
Q_ind_20_anc_2-1,0.000019,0.000000,0.000000,0.000220
Q_ind_21_anc_2-1,0.000013,0.000000,0.000000,0.000147
Q_ind_22_anc_2-1,0.000017,0.000000,0.000000,0.000182
Q_ind_23_anc_2-1,0.000009,0.000000,0.000000,0.000082
Q_ind_24_anc_2-1,0.000008,0.000000,0.000000,0.000069
Q_ind_25_anc_2-1,0.000020,0.000000,0.000000,0.000235
Q_ind_26_anc_2-1,0.000014,0.000000,0.000000,0.000149
Q_ind_27_anc_2-1,0.000017,0.000000,0.000000,0.000213
Q_ind_28_anc_2-1,0.000015,0.000000,0.000000,0.000155
Q_ind_29_anc_2-1,0.000019,0.000000,0.000000,0.000222
Q_ind_30_anc_2-1,0.000010,0.000000,0.000000,0.000091
Q_ind_31_anc_2-1,0.000008,0.000000,0.000000,0.000066
Q_ind_32_anc_2-1,0.000008,0.000000,0.000000,0.000101
Q_ind_33_anc_2-1,0.000006,0.000000,0.000000,0.000066
Q_ind_34_anc_2-1,0.000015,0.000000,0.000000,0.000186
Q_ind_35_anc_2-1,0.000008,0.000000,0.000000,0.000082
Q_ind_36_anc_2-1,0.000007,0.000000,0.000000,0.000071
Q_ind_37_anc_2-1,0.000007,0.000000,0.000000,0.000056
Q_ind_38_anc_2-1,0.000008,0.000000,0.000000,0.000079
Q_ind_39_anc_2-1,0.000015,0.000000,0.000000,0.000169
Q_ind_40_anc_2-1,0.000133,0.000000,0.000000,0.001231
Q_ind_41_anc_2-1,0.000007,0.000000,0.000000,0.000072
Q_ind_42_anc_2-1,0.000008,0.000000,0.000000,0.000086
Q_ind_43_anc_2-1,0.000008,0.000000,0.000000,0.000080
Q_ind_44_anc_2-1,0.000007,0.000000,0.000000,0.000064
Q_ind_45_anc_2-1,0.000008,0.000000,0.000000,0.000085
Q_ind_46_anc_2-1,0.000007,0.000000,0.000000,0.000081
Q_ind_47_anc_2-1,0.000006,0.000000,0.000000,0.000058
Q_ind_48_anc_2-1,0.000007,0.000000,0.000000,0.000083
Q_ind_49_anc_2-1,0.000020,0.000000,0.000000,0.000230
Q_ind_50_anc_2-1,0.000008,0.000000,0.000000,0.000088
Q_ind_51_anc_2-1,0.000027,0.000000,0.000000,0.000354
Q_ind_52_anc_2-1,0.000008,0.000000,0.000000,0.000079
Q_ind_53_anc_2-1,0.000008,0.000000,0.000000,0.000075
Q_ind_54_anc_2-1,0.000011,0.000000,0.000000,0.000107
Q_ind_55_anc_2-1,0.000027,0.000000,0.000000,0.000351
Q_ind_56_anc_2-1,0.000014,0.000000,0.000000,0.000172
Q_ind_57_anc_2-1,0.000007,0.000000,0.000000,0.000070
Q_ind_58_anc_2-1,0.000009,0.000000,0.000000,0.000090
Q_ind_59_anc_2-1,0.000009,0.000000,0.000000,0.000098
Q_ind_60_anc_2-1,0.000009,0.000000,0.000000,0.000078
Q_ind_61_anc_2-1,0.000423,0.000000,0.000000,0.003191
Q_ind_62_anc_2-1,0.000009,0.000000,0.000000,0.000094
Q_ind_63_anc_2-1,0.000010,0.000000,0.000000,0.000114
Q_ind_64_anc_2-1,0.000011,0.000000,0.000000,0.000119
Q_ind_65_anc_2-1,0.000009,0.000000,0.000000,0.000099
Q_ind_66_anc_2-1,0.000012,0.000000,0.000000,0.000121
Q_ind_67_anc_2-1,0.000021,0.000000,0.000000,0.000243
Q_ind_68_anc_2-1,0.000011,0.000000,0.000000,0.000125
Q_ind_69_anc_2-1,0.000011,0.000000,0.000000,0.000124
Q_ind_70_anc_2-1,0.000009,0.000000,0.000000,0.000105
Q_ind_71_anc_2-1,0.000010,0.000000,0.000000,0.000106
Q_ind_72_anc_2-1,0.000010,0.000000,0.000000,0.000120
Q_ind_73_anc_2-1,0.000013,0.000000,0.000000,0.000158
Q_ind_74_anc_2-1,0.000008,0.000000,0.000000,0.000078
Q_ind_75_anc_2-1,0.000017,0.000000,0.000000,0.000196
Q_ind_76_anc_2-1,0.006650,0.006527,0.002879,0.011189
Q_ind_77_anc_2-1,0.000009,0.000000,0.000000,0.000089
Q_ind_78_anc_2-1,0.063304,0.063159,0.053220,0.073818
Q_ind_79_anc_2-1,0.018988,0.018815,0.013345,0.025439
Q_ind_80_anc_2-1,0.000010,0.000000,0.000000,0.000091
Q_ind_81_anc_2-1,0.000011,0.000000,0.000000,0.000107
Q_ind_82_anc_2-1,0.000020,0.000000,0.000000,0.000212
Q_ind_83_anc_2-1,0.000020,0.000000,0.000000,0.000212
Q_ind_84_anc_2-1,0.000037,0.000000,0.000000,0.000474
Q_ind_85_anc_2-1,0.000007,0.000000,0.000000,0.000074
Q_ind_86_anc_2-1,0.000025,0.000000,0.000000,0.000311
Q_ind_87_anc_2-1,0.000066,0.000000,0.000000,0.000862
Q_ind_88_anc_2-1,0.000018,0.000000,0.000000,0.000206
Q_ind_89_anc_2-1,0.000022,0.000000,0.000000,0.000221
Q_ind_90_anc_2-1,0.000018,0.000000,0.000000,0.000208
Q_ind_91_anc_2-1,0.004337,0.004219,0.000000,0.008549
Q_ind_92_anc_2-1,0.000008,0.000000,0.000000,0.000070
Q_ind_93_anc_2-1,0.067226,0.067095,0.057450,0.077840
Q_ind_94_anc_2-1,0.006667,0.006534,0.003722,0.010448
Q_ind_95_anc_2-1,0.000009,0.000000,0.000000,0.000106
Q_ind_96_anc_2-1,0.000007,0.000000,0.000000,0.000063
Q_ind_97_anc_2-1,0.000025,0.000000,0.000000,0.000333
Q_ind_98_anc_2-1,0.000864,0.000484,0.000000,0.003367
Q_ind_99_anc_2-1,0.003138,0.003016,0.000731,0.006125
Q_ind_100_anc_2-1,0.000008,0.000000,0.000000,0.000081
Q_ind_101_anc_2-1,0.000007,0.000000,0.000000,0.000082
Q_ind_102_anc_2-1,0.000013,0.000000,0.000000,0.000148
Q_ind_103_anc_2-1,0.000008,0.000000,0.000000,0.000079
Q_ind_104_anc_2-1,0.000008,0.000000,0.000000,0.000075
Q_ind_105_anc_2-1,0.000007,0.000000,0.000000,0.000085
Q_ind_106_anc_2-1,0.000009,0.000000,0.000000,0.000081
Q_ind_107_anc_2-1,0.000007,0.000000,0.000000,0.000073
Q_ind_108_anc_2-1,0.000006,0.000000,0.000000,0.000066
Q_ind_109_anc_2-1,0.000008,0.000000,0.000000,0.000082
Q_ind_110_anc_2-1,0.000006,0.000000,0.000000,0.000063
Q_ind_111_anc_2-1,0.000010,0.000000,0.000000,0.000109
Q_ind_112_anc_2-1,0.000006,0.000000,0.000000,0.000063
Q_ind_113_anc_2-1,0.000008,0.000000,0.000000,0.000084
Q_ind_114_anc_2-1,0.000014,0.000000,0.000000,0.000167
Q_ind_115_anc_2-1,0.000008,0.000000,0.000000,0.000084
Q_ind_116_anc_2-1,0.000013,0.000000,0.000000,0.000145
Q_ind_117_anc_2-1,0.000009,0.000000,0.000000,0.000105
Q_ind_118_anc_2-1,0.000009,0.000000,0.000000,0.000108
Q_ind_119_anc_2-1,0.000027,0.000000,0.000000,0.000369
Q_ind_120_anc_2-1,0.000008,0.000000,0.000000,0.000099
Q_ind_121_anc_2-1,0.008656,0.008549,0.005489,0.012473
Q_ind_122_anc_2-1,0.000019,0.000000,0.000000,0.000227
Q_ind_123_anc_2-1,0.000009,0.000000,0.000000,0.000094
Q_ind_124_anc_2-1,0.000009,0.000000,0.000000,0.000098
Q_ind_125_anc_2-1,0.000039,0.000000,0.000000,0.000510
Q_ind_126_anc_2-1,0.000007,0.000000,0.000000,0.000075
Q_ind_127_anc_2-1,0.000007,0.000000,0.000000,0.000070
Q_ind_128_anc_2-1,0.027054,0.026971,0.020499,0.034174
Q_ind_129_anc_2-1,0.000011,0.000000,0.000000,0.000110
Q_ind_130_anc_2-1,0.000079,0.000000,0.000000,0.000881
Q_ind_131_anc_2-1,0.000160,0.000000,0.000000,0.001437
Q_ind_132_anc_2-1,0.004726,0.004566,0.001879,0.008203
Q_ind_133_anc_2-1,0.000014,0.000000,0.000000,0.000169
Q_ind_134_anc_2-1,0.000007,0.000000,0.000000,0.000081
Q_ind_135_anc_2-1,0.002892,0.002830,0.000000,0.006269
Q_ind_136_anc_2-1,0.000015,0.000000,0.000000,0.000177
Q_ind_137_anc_2-1,0.000486,0.000000,0.000000,0.003464
Q_ind_138_anc_2-1,0.000007,0.000000,0.000000,0.000069
Q_ind_139_anc_2-1,0.000553,0.000000,0.000000,0.003206
Q_ind_140_anc_2-1,0.005470,0.005338,0.002343,0.009406
Q_ind_141_anc_2-1,0.000025,0.000000,0.000000,0.000296
Q_ind_142_anc_2-1,0.000009,0.000000,0.000000,0.000089
Q_ind_143_anc_2-1,0.000010,0.000000,0.000000,0.000102
Q_ind_144_anc_2-1,0.000008,0.000000,0.000000,0.000073
Q_ind_145_anc_2-1,0.000007,0.000000,0.000000,0.000078
Q_ind_146_anc_2-1,0.000008,0.000000,0.000000,0.000091
Q_ind_147_anc_2-1,0.000006,0.000000,0.000000,0.000068
Q_ind_148_anc_2-1,0.000013,0.000000,0.000000,0.000142
Q_ind_149_anc_2-1,0.000008,0.000000,0.000000,0.000071
Q_ind_150_anc_2-1,0.000007,0.000000,0.000000,0.000074
Q_ind_151_anc_2-1,0.000007,0.000000,0.000000,0.000066
Q_ind_152_anc_2-1,0.000007,0.000000,0.000000,0.000074
Q_ind_153_anc_2-1,0.000007,0.000000,0.000000,0.000075
Q_ind_154_anc_2-1,0.000007,0.000000,0.000000,0.000073
Q_ind_155_anc_2-1,0.000007,0.000000,0.000000,0.000074
Q_ind_156_anc_2-1,0.000022,0.000000,0.000000,0.000253
Q_ind_157_anc_2-1,0.000011,0.000000,0.000000,0.000116
Q_ind_158_anc_2-1,0.000006,0.000000,0.000000,0.000064
Q_ind_159_anc_2-1,0.000007,0.000000,0.000000,0.000064
Q_ind_160_anc_2-1,0.000006,0.000000,0.000000,0.000058
Q_ind_161_anc_2-1,0.000018,0.000000,0.000000,0.000221
Q_ind_162_anc_2-1,0.000014,0.000000,0.000000,0.000167
Q_ind_163_anc_2-1,0.000006,0.000000,0.000000,0.000068
Q_ind_164_anc_2-1,0.000007,0.000000,0.000000,0.000076
Q_ind_165_anc_2-1,0.000008,0.000000,0.000000,0.000082
Q_ind_166_anc_2-1,0.000018,0.000000,0.000000,0.000211
Q_ind_167_anc_2-1,0.000007,0.000000,0.000000,0.000072
Q_ind_168_anc_2-1,0.000007,0.000000,0.000000,0.000070
Q_ind_169_anc_2-1,0.000010,0.000000,0.000000,0.000108
Q_ind_170_anc_2-1,0.000009,0.000000,0.000000,0.000092
Q_ind_171_anc_2-1,0.000008,0.000000,0.000000,0.000079
Q_ind_172_anc_2-1,0.000008,0.000000,0.000000,0.000099
Q_ind_173_anc_2-1,0.000007,0.000000,0.000000,0.000078
Q_ind_174_anc_2-1,0.000011,0.000000,0.000000,0.000125
Q_ind_175_anc_2-1,0.000015,0.000000,0.000000,0.000189
Q_ind_176_anc_2-1,0.000008,0.000000,0.000000,0.000067
Q_ind_177_anc_2-1,0.000014,0.000000,0.000000,0.000155
Q_ind_178_anc_2-1,0.000021,0.000000,0.000000,0.000264
Q_ind_179_anc_2-1,0.000007,0.000000,0.000000,0.000067
Q_ind_180_anc_2-1,0.000031,0.000000,0.000000,0.000406
Q_ind_181_anc_2-1,0.000015,0.000000,0.000000,0.000189
Q_ind_182_anc_2-1,0.000009,0.000000,0.000000,0.000100
Q_ind_183_anc_2-1,0.000012,0.000000,0.000000,0.000127
Q_ind_184_anc_2-1,0.000007,0.000000,0.000000,0.000082
Q_ind_185_anc_2-1,0.000009,0.000000,0.000000,0.000087
Q_ind_186_anc_2-1,0.000011,0.000000,0.000000,0.000118
Q_ind_187_anc_2-1,0.000014,0.000000,0.000000,0.000171
Q_ind_188_anc_2-1,0.000008,0.000000,0.000000,0.000074
Q_ind_189_anc_2-1,0.000007,0.000000,0.000000,0.000074
Q_ind_190_anc_2-1,0.000007,0.000000,0.000000,0.000052
Q_ind_191_anc_2-1,0.000015,0.000000,0.000000,0.000177
Q_ind_192_anc_2-1,0.000008,0.000000,0.000000,0.000094
Q_ind_193_anc_2-1,0.000009,0.000000,0.000000,0.000089
Q_ind_194_anc_2-1,0.000017,0.000000,0.000000,0.000216
Q_ind_195_anc_2-1,0.000016,0.000000,0.000000,0.000202
Q_ind_196_anc_2-1,0.000008,0.000000,0.000000,0.000076
Q_ind_197_anc_2-1,0.000011,0.000000,0.000000,0.000115
Q_ind_198_anc_2-1,0.000015,0.000000,0.000000,0.000153
Q_ind_199_anc_2-1,0.000012,0.000000,0.000000,0.000101
Q_ind_200_anc_2-1,0.000009,0.000000,0.000000,0.000089
Q_ind_201_anc_2-1,0.000022,0.000000,0.000000,0.000268
Q_ind_202_anc_2-1,0.000009,0.000000,0.000000,0.000109
Q_ind_203_anc_2-1,0.000008,0.000000,0.000000,0.000081
Q_ind_204_anc_2-1,0.000009,0.000000,0.000000,0.000099
Q_ind_205_anc_2-1,0.274997,0.275030,0.258211,0.292000
Q_ind_206_anc_2-1,0.000008,0.000000,0.000000,0.000090
Q_ind_207_anc_2-1,0.000018,0.000000,0.000000,0.000226
Q_ind_208_anc_2-1,0.000016,0.000000,0.000000,0.000193
Q_ind_209_anc_2-1,0.000007,0.000000,0.000000,0.000083
Q_ind_210_anc_2-1,0.643399,0.643685,0.623949,0.662108
Q_ind_211_anc_2-1,0.000008,0.000000,0.000000,0.000079
Q_ind_212_anc_2-1,0.000007,0.000000,0.000000,0.000073
Q_ind_213_anc_2-1,0.000008,0.000000,0.000000,0.000086
Q_ind_214_anc_2-1,0.000008,0.000000,0.000000,0.000084
Q_ind_215_anc_2-1,0.000009,0.000000,0.000000,0.000092
Q_ind_216_anc_2-1,0.000009,0.000000,0.000000,0.000101
Q_ind_217_anc_2-1,0.000017,0.000000,0.000000,0.000232
Q_ind_1_anc_2-2,0.999983,1.000000,0.999804,1.000000
Q_ind_2_anc_2-2,0.999984,1.000000,0.999816,1.000000
Q_ind_3_anc_2-2,0.999846,1.000000,0.998829,1.000000
Q_ind_4_anc_2-2,0.994856,0.994961,0.991854,0.997206
Q_ind_5_anc_2-2,0.992126,0.992253,0.988376,0.995281
Q_ind_6_anc_2-2,0.995792,0.995906,0.993036,0.997931
Q_ind_7_anc_2-2,0.995029,0.995133,0.992121,0.997398
Q_ind_8_anc_2-2,0.995592,0.995709,0.992712,0.997757
Q_ind_9_anc_2-2,0.995545,0.995677,0.992792,0.997669
Q_ind_10_anc_2-2,0.996183,0.996275,0.993487,0.998184
Q_ind_11_anc_2-2,0.991496,0.991625,0.987824,0.994558
Q_ind_12_anc_2-2,0.995675,0.995795,0.992893,0.997816
Q_ind_13_anc_2-2,0.997764,0.997892,0.995532,0.999288
Q_ind_14_anc_2-2,0.996582,0.996713,0.994023,0.998477
Q_ind_15_anc_2-2,0.990753,0.990928,0.986042,0.994432
Q_ind_16_anc_2-2,0.995891,0.995987,0.993147,0.997966
Q_ind_17_anc_2-2,0.999823,1.000000,0.998718,1.000000
Q_ind_18_anc_2-2,0.994259,0.994380,0.990887,0.996884
Q_ind_19_anc_2-2,0.996430,0.996531,0.993838,0.998363
Q_ind_20_anc_2-2,0.996163,0.996269,0.993741,0.998063
Q_ind_21_anc_2-2,0.997589,0.997704,0.995525,0.999048
Q_ind_22_anc_2-2,0.998197,0.998324,0.996129,0.999503
Q_ind_23_anc_2-2,0.997142,0.997253,0.994905,0.998754
Q_ind_24_anc_2-2,0.998131,0.998248,0.996274,0.999379
Q_ind_25_anc_2-2,0.997264,0.997388,0.995120,0.998775
Q_ind_26_anc_2-2,0.997919,0.998021,0.995943,0.999245
Q_ind_27_anc_2-2,0.995054,0.995201,0.992143,0.997303
Q_ind_28_anc_2-2,0.994273,0.994393,0.990874,0.996947
Q_ind_29_anc_2-2,0.998706,0.998834,0.996834,0.999860
Q_ind_30_anc_2-2,0.998725,0.998844,0.996985,0.999770
Q_ind_31_anc_2-2,0.000006,0.000000,0.000000,0.000058
Q_ind_32_anc_2-2,0.000006,0.000000,0.000000,0.000066
Q_ind_33_anc_2-2,0.000006,0.000000,0.000000,0.000066
Q_ind_34_anc_2-2,0.000007,0.000000,0.000000,0.000083
Q_ind_35_anc_2-2,0.000007,0.000000,0.000000,0.000083
Q_ind_36_anc_2-2,0.000006,0.000000,0.000000,0.000060
Q_ind_37_anc_2-2,0.000007,0.000000,0.000000,0.000065
Q_ind_38_anc_2-2,0.000006,0.000000,0.000000,0.000063
Q_ind_39_anc_2-2,0.000007,0.000000,0.000000,0.000067
Q_ind_40_anc_2-2,0.000008,0.000000,0.000000,0.000086
Q_ind_41_anc_2-2,0.000007,0.000000,0.000000,0.000065
Q_ind_42_anc_2-2,0.000007,0.000000,0.000000,0.000073
Q_ind_43_anc_2-2,0.000006,0.000000,0.000000,0.000063
Q_ind_44_anc_2-2,0.000007,0.000000,0.000000,0.000069
Q_ind_45_anc_2-2,0.000009,0.000000,0.000000,0.000095
Q_ind_46_anc_2-2,0.000014,0.000000,0.000000,0.000158
Q_ind_47_anc_2-2,0.000006,0.000000,0.000000,0.000067
Q_ind_48_anc_2-2,0.000009,0.000000,0.000000,0.000093
Q_ind_49_anc_2-2,0.000007,0.000000,0.000000,0.000067
Q_ind_50_anc_2-2,0.000007,0.000000,0.000000,0.000068
Q_ind_51_anc_2-2,0.000006,0.000000,0.000000,0.000058
Q_ind_52_anc_2-2,0.000007,0.000000,0.000000,0.000064
Q_ind_53_anc_2-2,0.000007,0.000000,0.000000,0.000077
Q_ind_54_anc_2-2,0.000007,0.000000,0.000000,0.000064
Q_ind_55_anc_2-2,0.000007,0.000000,0.000000,0.000061
Q_ind_56_anc_2-2,0.000007,0.000000,0.000000,0.000072
Q_ind_57_anc_2-2,0.000006,0.000000,0.000000,0.000044
Q_ind_58_anc_2-2,0.000008,0.000000,0.000000,0.000072
Q_ind_59_anc_2-2,0.000020,0.000000,0.000000,0.000252
Q_ind_60_anc_2-2,0.000008,0.000000,0.000000,0.000082
Q_ind_61_anc_2-2,0.996394,0.996612,0.992978,0.998494
Q_ind_62_anc_2-2,0.999961,1.000000,0.999553,1.000000
Q_ind_63_anc_2-2,0.999982,1.000000,0.999798,1.000000
Q_ind_64_anc_2-2,0.999919,1.000000,0.999278,1.000000
Q_ind_65_anc_2-2,0.999982,1.000000,0.999793,1.000000
Q_ind_66_anc_2-2,0.999937,1.000000,0.999341,1.000000
Q_ind_67_anc_2-2,0.999973,1.000000,0.999686,1.000000
Q_ind_68_anc_2-2,0.999978,1.000000,0.999743,1.000000
Q_ind_69_anc_2-2,0.999981,1.000000,0.999775,1.000000
Q_ind_70_anc_2-2,0.999903,1.000000,0.999159,1.000000
Q_ind_71_anc_2-2,0.999022,0.999133,0.997622,0.999829
Q_ind_72_anc_2-2,0.999949,1.000000,0.999458,1.000000
Q_ind_73_anc_2-2,0.999333,0.999445,0.997907,1.000000
Q_ind_74_anc_2-2,0.999949,1.000000,0.999393,1.000000
Q_ind_75_anc_2-2,0.997264,0.997379,0.994967,0.998906
Q_ind_76_anc_2-2,0.986924,0.987029,0.981477,0.991658
Q_ind_77_anc_2-2,0.998788,0.998910,0.997144,0.999763
Q_ind_78_anc_2-2,0.915329,0.915420,0.903790,0.926211
Q_ind_79_anc_2-2,0.970557,0.970671,0.963036,0.977390
Q_ind_80_anc_2-2,0.999516,0.999685,0.998062,1.000000
Q_ind_81_anc_2-2,0.999384,0.999495,0.998080,1.000000
Q_ind_82_anc_2-2,0.990750,0.990864,0.986837,0.994110
Q_ind_83_anc_2-2,0.995291,0.995409,0.992326,0.997627
Q_ind_84_anc_2-2,0.997801,0.997928,0.995635,0.999316
Q_ind_85_anc_2-2,0.000007,0.000000,0.000000,0.000073
Q_ind_86_anc_2-2,0.989707,0.989795,0.985428,0.993380
Q_ind_87_anc_2-2,0.996287,0.996407,0.993543,0.998293
Q_ind_88_anc_2-2,0.998884,0.998994,0.997300,0.999811
Q_ind_89_anc_2-2,0.996187,0.996318,0.993332,0.998324
Q_ind_90_anc_2-2,0.998156,0.998272,0.996106,0.999492
Q_ind_91_anc_2-2,0.985908,0.985978,0.980197,0.991154
Q_ind_92_anc_2-2,0.000007,0.000000,0.000000,0.000065
Q_ind_93_anc_2-2,0.005603,0.005481,0.002312,0.009692
Q_ind_94_anc_2-2,0.000018,0.000000,0.000000,0.000222
Q_ind_95_anc_2-2,0.000045,0.000000,0.000000,0.000513
Q_ind_96_anc_2-2,0.000007,0.000000,0.000000,0.000081
Q_ind_97_anc_2-2,0.000007,0.000000,0.000000,0.000067
Q_ind_98_anc_2-2,0.000017,0.000000,0.000000,0.000201
Q_ind_99_anc_2-2,0.000308,0.000005,0.000000,0.001754
Q_ind_100_anc_2-2,0.000008,0.000000,0.000000,0.000079
Q_ind_101_anc_2-2,0.000008,0.000000,0.000000,0.000071
Q_ind_102_anc_2-2,0.000007,0.000000,0.000000,0.000073
Q_ind_103_anc_2-2,0.000016,0.000000,0.000000,0.000196
Q_ind_104_anc_2-2,0.000008,0.000000,0.000000,0.000090
Q_ind_105_anc_2-2,0.000007,0.000000,0.000000,0.000072
Q_ind_106_anc_2-2,0.000009,0.000000,0.000000,0.000088
Q_ind_107_anc_2-2,0.000006,0.000000,0.000000,0.000063
Q_ind_108_anc_2-2,0.000007,0.000000,0.000000,0.000061
Q_ind_109_anc_2-2,0.000011,0.000000,0.000000,0.000137
Q_ind_110_anc_2-2,0.000008,0.000000,0.000000,0.000086
Q_ind_111_anc_2-2,0.000095,0.000000,0.000000,0.000708
Q_ind_112_anc_2-2,0.000007,0.000000,0.000000,0.000070
Q_ind_113_anc_2-2,0.000008,0.000000,0.000000,0.000088
Q_ind_114_anc_2-2,0.000006,0.000000,0.000000,0.000070
Q_ind_115_anc_2-2,0.000006,0.000000,0.000000,0.000070
Q_ind_116_anc_2-2,0.000399,0.000280,0.000000,0.001461
Q_ind_117_anc_2-2,0.000139,0.000000,0.000000,0.001215
Q_ind_118_anc_2-2,0.000007,0.000000,0.000000,0.000069
Q_ind_119_anc_2-2,0.000007,0.000000,0.000000,0.000068
Q_ind_120_anc_2-2,0.000006,0.000000,0.000000,0.000073
Q_ind_121_anc_2-2,0.000072,0.000000,0.000000,0.000779
Q_ind_122_anc_2-2,0.000008,0.000000,0.000000,0.000081
Q_ind_123_anc_2-2,0.000012,0.000000,0.000000,0.000139
Q_ind_124_anc_2-2,0.000009,0.000000,0.000000,0.000100
Q_ind_125_anc_2-2,0.000077,0.000000,0.000000,0.000698
Q_ind_126_anc_2-2,0.000007,0.000000,0.000000,0.000065
Q_ind_127_anc_2-2,0.000007,0.000000,0.000000,0.000065
Q_ind_128_anc_2-2,0.954972,0.955050,0.946351,0.962921
Q_ind_129_anc_2-2,0.000008,0.000000,0.000000,0.000071
Q_ind_130_anc_2-2,0.000015,0.000000,0.000000,0.000171
Q_ind_131_anc_2-2,0.000014,0.000000,0.000000,0.000156
Q_ind_132_anc_2-2,0.990051,0.990174,0.985633,0.993730
Q_ind_133_anc_2-2,0.000011,0.000000,0.000000,0.000107
Q_ind_134_anc_2-2,0.000007,0.000000,0.000000,0.000075
Q_ind_135_anc_2-2,0.992786,0.992879,0.988589,0.996481
Q_ind_136_anc_2-2,0.000008,0.000000,0.000000,0.000099
Q_ind_137_anc_2-2,0.992416,0.992612,0.988243,0.995589
Q_ind_138_anc_2-2,0.000006,0.000000,0.000000,0.000067
Q_ind_139_anc_2-2,0.995809,0.996017,0.992341,0.998227
Q_ind_140_anc_2-2,0.984735,0.984838,0.979356,0.989467
Q_ind_141_anc_2-2,0.995267,0.995393,0.992311,0.997516
Q_ind_142_anc_2-2,0.000014,0.000000,0.000000,0.000169
Q_ind_143_anc_2-2,0.000008,0.000000,0.000000,0.000082
Q_ind_144_anc_2-2,0.000009,0.000000,0.000000,0.000097
Q_ind_145_anc_2-2,0.000007,0.000000,0.000000,0.000070
Q_ind_146_anc_2-2,0.000007,0.000000,0.000000,0.000061
Q_ind_147_anc_2-2,0.000006,0.000000,0.000000,0.000061
Q_ind_148_anc_2-2,0.000018,0.000000,0.000000,0.000213
Q_ind_149_anc_2-2,0.000007,0.000000,0.000000,0.000071
Q_ind_150_anc_2-2,0.000007,0.000000,0.000000,0.000075
Q_ind_151_anc_2-2,0.000006,0.000000,0.000000,0.000058
Q_ind_152_anc_2-2,0.000007,0.000000,0.000000,0.000067
Q_ind_153_anc_2-2,0.000008,0.000000,0.000000,0.000083
Q_ind_154_anc_2-2,0.000007,0.000000,0.000000,0.000074
Q_ind_155_anc_2-2,0.000010,0.000000,0.000000,0.000114
Q_ind_156_anc_2-2,0.000587,0.000000,0.000000,0.003298
Q_ind_157_anc_2-2,0.000011,0.000000,0.000000,0.000133
Q_ind_158_anc_2-2,0.000006,0.000000,0.000000,0.000070
Q_ind_159_anc_2-2,0.000006,0.000000,0.000000,0.000075
Q_ind_160_anc_2-2,0.000008,0.000000,0.000000,0.000077
Q_ind_161_anc_2-2,0.000008,0.000000,0.000000,0.000092
Q_ind_162_anc_2-2,0.000006,0.000000,0.000000,0.000068
Q_ind_163_anc_2-2,0.000008,0.000000,0.000000,0.000100
Q_ind_164_anc_2-2,0.000006,0.000000,0.000000,0.000072
Q_ind_165_anc_2-2,0.000007,0.000000,0.000000,0.000071
Q_ind_166_anc_2-2,0.000049,0.000000,0.000000,0.000580
Q_ind_167_anc_2-2,0.000006,0.000000,0.000000,0.000066
Q_ind_168_anc_2-2,0.000007,0.000000,0.000000,0.000071
Q_ind_169_anc_2-2,0.000008,0.000000,0.000000,0.000094
Q_ind_170_anc_2-2,0.000008,0.000000,0.000000,0.000074
Q_ind_171_anc_2-2,0.000007,0.000000,0.000000,0.000074
Q_ind_172_anc_2-2,0.000010,0.000000,0.000000,0.000123
Q_ind_173_anc_2-2,0.000005,0.000000,0.000000,0.000057
Q_ind_174_anc_2-2,0.000008,0.000000,0.000000,0.000079
Q_ind_175_anc_2-2,0.000006,0.000000,0.000000,0.000062
Q_ind_176_anc_2-2,0.000010,0.000000,0.000000,0.000116
Q_ind_177_anc_2-2,0.000014,0.000000,0.000000,0.000177
Q_ind_178_anc_2-2,0.000009,0.000000,0.000000,0.000090
Q_ind_179_anc_2-2,0.000006,0.000000,0.000000,0.000069
Q_ind_180_anc_2-2,0.000007,0.000000,0.000000,0.000077
Q_ind_181_anc_2-2,0.000043,0.000000,0.000000,0.000583
Q_ind_182_anc_2-2,0.000012,0.000000,0.000000,0.000137
Q_ind_183_anc_2-2,0.000007,0.000000,0.000000,0.000069
Q_ind_184_anc_2-2,0.000007,0.000000,0.000000,0.000068
Q_ind_185_anc_2-2,0.000011,0.000000,0.000000,0.000139
Q_ind_186_anc_2-2,0.000009,0.000000,0.000000,0.000106
Q_ind_187_anc_2-2,0.000007,0.000000,0.000000,0.000056
Q_ind_188_anc_2-2,0.000006,0.000000,0.000000,0.000068
Q_ind_189_anc_2-2,0.000007,0.000000,0.000000,0.000078
Q_ind_190_anc_2-2,0.000006,0.000000,0.000000,0.000065
Q_ind_191_anc_2-2,0.000006,0.000000,0.000000,0.000062
Q_ind_192_anc_2-2,0.000009,0.000000,0.000000,0.000100
Q_ind_193_anc_2-2,0.997578,0.997694,0.995488,0.999038
Q_ind_194_anc_2-2,0.000007,0.000000,0.000000,0.000069
Q_ind_195_anc_2-2,0.000008,0.000000,0.000000,0.000075
Q_ind_196_anc_2-2,0.000006,0.000000,0.000000,0.000070
Q_ind_197_anc_2-2,0.000015,0.000000,0.000000,0.000168
Q_ind_198_anc_2-2,0.998996,0.999129,0.997146,1.000000
Q_ind_199_anc_2-2,0.999979,1.000000,0.999772,1.000000
Q_ind_200_anc_2-2,0.000006,0.000000,0.000000,0.000062
Q_ind_201_anc_2-2,0.000010,0.000000,0.000000,0.000103
Q_ind_202_anc_2-2,0.000025,0.000000,0.000000,0.000322
Q_ind_203_anc_2-2,0.000007,0.000000,0.000000,0.000074
Q_ind_204_anc_2-2,0.000007,0.000000,0.000000,0.000071
Q_ind_205_anc_2-2,0.045997,0.045922,0.037947,0.054300
Q_ind_206_anc_2-2,0.000008,0.000000,0.000000,0.000079
Q_ind_207_anc_2-2,0.000025,0.000000,0.000000,0.000332
Q_ind_208_anc_2-2,0.000007,0.000000,0.000000,0.000081
Q_ind_209_anc_2-2,0.000007,0.000000,0.000000,0.000076
Q_ind_210_anc_2-2,0.114721,0.114624,0.102240,0.127654
Q_ind_211_anc_2-2,0.000006,0.000000,0.000000,0.000060
Q_ind_212_anc_2-2,0.000007,0.000000,0.000000,0.000087
Q_ind_213_anc_2-2,0.000007,0.000000,0.000000,0.000070
Q_ind_214_anc_2-2,0.000012,0.000000,0.000000,0.000113
Q_ind_215_anc_2-2,0.000007,0.000000,0.000000,0.000069
Q_ind_216_anc_2-2,0.000008,0.000000,0.000000,0.000081
Q_ind_217_anc_2-2,0.000009,0.000000,0.000000,0.000103
