param,mean,median,ci_0.950_LB,ci_0.950_UB
Q_ind_1_anc_1-1,0.999993,1.000000,0.999928,1.000000
Q_ind_2_anc_1-1,0.999981,1.000000,0.999758,1.000000
Q_ind_3_anc_1-1,0.997984,0.998086,0.996011,0.999364
Q_ind_4_anc_1-1,0.993830,0.993917,0.990909,0.996151
Q_ind_5_anc_1-1,0.988305,0.988380,0.984494,0.991639
Q_ind_6_anc_1-1,0.994127,0.994216,0.991380,0.996386
Q_ind_7_anc_1-1,0.990590,0.990677,0.987103,0.993601
Q_ind_8_anc_1-1,0.993801,0.993900,0.990988,0.996138
Q_ind_9_anc_1-1,0.993057,0.993127,0.990115,0.995545
Q_ind_10_anc_1-1,0.995034,0.995114,0.992427,0.997185
Q_ind_11_anc_1-1,0.990787,0.990844,0.987439,0.993650
Q_ind_12_anc_1-1,0.994568,0.994669,0.991799,0.996719
Q_ind_13_anc_1-1,0.995274,0.995371,0.992668,0.997389
Q_ind_14_anc_1-1,0.992663,0.992781,0.989432,0.995301
Q_ind_15_anc_1-1,0.988268,0.988337,0.984176,0.991673
Q_ind_16_anc_1-1,0.992384,0.992460,0.989229,0.995021
Q_ind_17_anc_1-1,0.997788,0.997889,0.995866,0.999161
Q_ind_18_anc_1-1,0.990262,0.990454,0.985620,0.993828
Q_ind_19_anc_1-1,0.992882,0.992951,0.989963,0.995345
Q_ind_20_anc_1-1,0.993969,0.994043,0.991221,0.996236
Q_ind_21_anc_1-1,0.995975,0.996058,0.993596,0.997864
Q_ind_22_anc_1-1,0.995200,0.995293,0.992659,0.997249
Q_ind_23_anc_1-1,0.997542,0.997635,0.995684,0.998924
Q_ind_24_anc_1-1,0.996159,0.996257,0.993882,0.997969
Q_ind_25_anc_1-1,0.995374,0.995467,0.992910,0.997286
Q_ind_26_anc_1-1,0.996880,0.996960,0.994733,0.998561
Q_ind_27_anc_1-1,0.993113,0.993204,0.990067,0.995655
Q_ind_28_anc_1-1,0.991062,0.991183,0.987643,0.993961
Q_ind_29_anc_1-1,0.998596,0.998681,0.996988,0.999702
Q_ind_30_anc_1-1,0.996707,0.996811,0.994495,0.998399
Q_ind_31_anc_1-1,0.000002,0.000000,0.000000,0.000009
Q_ind_32_anc_1-1,0.000003,0.000000,0.000000,0.000013
Q_ind_33_anc_1-1,0.000002,0.000000,0.000000,0.000010
Q_ind_34_anc_1-1,0.000002,0.000000,0.000000,0.000010
Q_ind_35_anc_1-1,0.000002,0.000000,0.000000,0.000011
Q_ind_36_anc_1-1,0.000002,0.000000,0.000000,0.000015
Q_ind_37_anc_1-1,0.000003,0.000000,0.000000,0.000013
Q_ind_38_anc_1-1,0.000002,0.000000,0.000000,0.000008
Q_ind_39_anc_1-1,0.000003,0.000000,0.000000,0.000016
Q_ind_40_anc_1-1,0.000003,0.000000,0.000000,0.000013
Q_ind_41_anc_1-1,0.000002,0.000000,0.000000,0.000009
Q_ind_42_anc_1-1,0.000002,0.000000,0.000000,0.000008
Q_ind_43_anc_1-1,0.000002,0.000000,0.000000,0.000007
Q_ind_44_anc_1-1,0.000002,0.000000,0.000000,0.000009
Q_ind_45_anc_1-1,0.000002,0.000000,0.000000,0.000011
Q_ind_46_anc_1-1,0.000002,0.000000,0.000000,0.000011
Q_ind_47_anc_1-1,0.000002,0.000000,0.000000,0.000008
Q_ind_48_anc_1-1,0.000003,0.000000,0.000000,0.000018
Q_ind_49_anc_1-1,0.000003,0.000000,0.000000,0.000014
Q_ind_50_anc_1-1,0.000003,0.000000,0.000000,0.000013
Q_ind_51_anc_1-1,0.000002,0.000000,0.000000,0.000009
Q_ind_52_anc_1-1,0.000002,0.000000,0.000000,0.000008
Q_ind_53_anc_1-1,0.000002,0.000000,0.000000,0.000009
Q_ind_54_anc_1-1,0.000001,0.000000,0.000000,0.000007
Q_ind_55_anc_1-1,0.000002,0.000000,0.000000,0.000009
Q_ind_56_anc_1-1,0.000002,0.000000,0.000000,0.000015
Q_ind_57_anc_1-1,0.000014,0.000000,0.000000,0.000193
Q_ind_58_anc_1-1,0.000002,0.000000,0.000000,0.000010
Q_ind_59_anc_1-1,0.000002,0.000000,0.000000,0.000010
Q_ind_60_anc_1-1,0.000002,0.000000,0.000000,0.000010
Q_ind_61_anc_1-1,0.995283,0.995361,0.992750,0.997316
Q_ind_62_anc_1-1,0.999990,1.000000,0.999880,1.000000
Q_ind_63_anc_1-1,0.999978,1.000000,0.999723,1.000000
Q_ind_64_anc_1-1,0.999969,1.000000,0.999588,1.000000
Q_ind_65_anc_1-1,0.999961,1.000000,0.999516,1.000000
Q_ind_66_anc_1-1,0.999920,1.000000,0.999079,1.000000
Q_ind_67_anc_1-1,0.999977,1.000000,0.999684,1.000000
Q_ind_68_anc_1-1,0.999971,1.000000,0.999642,1.000000
Q_ind_69_anc_1-1,0.999993,1.000000,0.999938,1.000000
Q_ind_70_anc_1-1,0.999817,1.000000,0.998713,1.000000
Q_ind_71_anc_1-1,0.999277,0.999364,0.998004,1.000000
Q_ind_72_anc_1-1,0.999013,0.999102,0.997661,0.999946
Q_ind_73_anc_1-1,0.998393,0.998489,0.996790,0.999471
Q_ind_74_anc_1-1,0.999559,0.999998,0.997808,1.000000
Q_ind_75_anc_1-1,0.996615,0.996728,0.994245,0.998411
Q_ind_76_anc_1-1,0.989411,0.989451,0.985165,0.993333
Q_ind_77_anc_1-1,0.999078,0.999170,0.997758,0.999893
Q_ind_78_anc_1-1,0.999788,1.000000,0.998605,1.000000
Q_ind_79_anc_1-1,0.999546,0.999716,0.998176,1.000000
Q_ind_80_anc_1-1,0.977107,0.977193,0.971516,0.982313
Q_ind_81_anc_1-1,0.987086,0.987203,0.982916,0.990808
Q_ind_82_anc_1-1,0.993336,0.993430,0.990191,0.995870
Q_ind_83_anc_1-1,0.981773,0.981978,0.975702,0.986569
Q_ind_84_anc_1-1,0.996969,0.997066,0.994840,0.998559
Q_ind_85_anc_1-1,0.990708,0.990765,0.987205,0.993873
Q_ind_86_anc_1-1,0.996957,0.997062,0.994817,0.998540
Q_ind_87_anc_1-1,0.993936,0.994026,0.990924,0.996406
Q_ind_88_anc_1-1,0.994804,0.994902,0.992028,0.997041
Q_ind_89_anc_1-1,0.986183,0.986449,0.980148,0.990754
Q_ind_90_anc_1-1,0.989655,0.989706,0.985593,0.993267
Q_ind_91_anc_1-1,0.990876,0.991033,0.986694,0.994218
Q_ind_92_anc_1-1,0.990413,0.990523,0.986817,0.993583
Q_ind_93_anc_1-1,0.993728,0.993813,0.990917,0.996191
Q_ind_94_anc_1-1,0.983387,0.983494,0.978392,0.987912
Q_ind_95_anc_1-1,0.992711,0.992817,0.989509,0.995323
Q_ind_96_anc_1-1,0.993934,0.994022,0.991041,0.996276
Q_ind_97_anc_1-1,0.000002,0.000000,0.000000,0.000012
Q_ind_98_anc_1-1,0.000003,0.000000,0.000000,0.000011
Q_ind_99_anc_1-1,0.000003,0.000000,0.000000,0.000012
Q_ind_100_anc_1-1,0.999882,1.000000,0.999000,1.000000
Q_ind_101_anc_1-1,0.999988,1.000000,0.999867,1.000000
Q_ind_102_anc_1-1,0.000002,0.000000,0.000000,0.000010
Q_ind_103_anc_1-1,0.000003,0.000000,0.000000,0.000016
Q_ind_104_anc_1-1,0.000002,0.000000,0.000000,0.000013
Q_ind_105_anc_1-1,0.000002,0.000000,0.000000,0.000009
Q_ind_106_anc_1-1,0.000002,0.000000,0.000000,0.000009
Q_ind_107_anc_1-1,0.000002,0.000000,0.000000,0.000009
Q_ind_108_anc_1-1,0.000004,0.000000,0.000000,0.000023
Q_ind_109_anc_1-1,0.000004,0.000000,0.000000,0.000022
Q_ind_110_anc_1-1,0.000003,0.000000,0.000000,0.000010
Q_ind_111_anc_1-1,0.000002,0.000000,0.000000,0.000010
Q_ind_112_anc_1-1,0.000002,0.000000,0.000000,0.000009
Q_ind_113_anc_1-1,0.000002,0.000000,0.000000,0.000008
Q_ind_114_anc_1-1,0.000003,0.000000,0.000000,0.000015
Q_ind_115_anc_1-1,0.000002,0.000000,0.000000,0.000010
Q_ind_116_anc_1-1,0.000024,0.000000,0.000000,0.000338
Q_ind_117_anc_1-1,0.001584,0.001503,0.000514,0.003105
Q_ind_118_anc_1-1,0.000335,0.000189,0.000000,0.001370
Q_ind_119_anc_1-1,0.000002,0.000000,0.000000,0.000009
Q_ind_120_anc_1-1,0.000002,0.000000,0.000000,0.000012
Q_ind_121_anc_1-1,0.000002,0.000000,0.000000,0.000012
Q_ind_122_anc_1-1,0.000004,0.000000,0.000000,0.000024
Q_ind_123_anc_1-1,0.000002,0.000000,0.000000,0.000008
Q_ind_124_anc_1-1,0.000002,0.000000,0.000000,0.000009
Q_ind_125_anc_1-1,0.000169,0.000092,0.000000,0.000779
Q_ind_126_anc_1-1,0.000002,0.000000,0.000000,0.000008
Q_ind_127_anc_1-1,0.000002,0.000000,0.000000,0.000011
Q_ind_128_anc_1-1,0.000003,0.000000,0.000000,0.000017
Q_ind_129_anc_1-1,0.000045,0.000000,0.000000,0.000538
Q_ind_130_anc_1-1,0.000003,0.000000,0.000000,0.000021
Q_ind_131_anc_1-1,0.000002,0.000000,0.000000,0.000010
Q_ind_132_anc_1-1,0.000003,0.000000,0.000000,0.000015
Q_ind_133_anc_1-1,0.000002,0.000000,0.000000,0.000011
Q_ind_134_anc_1-1,0.000002,0.000000,0.000000,0.000010
Q_ind_135_anc_1-1,0.000002,0.000000,0.000000,0.000013
Q_ind_136_anc_1-1,0.000069,0.000000,0.000000,0.000541
Q_ind_137_anc_1-1,0.000002,0.000000,0.000000,0.000009
Q_ind_138_anc_1-1,0.000002,0.000000,0.000000,0.000009
Q_ind_139_anc_1-1,0.000002,0.000000,0.000000,0.000006
Q_ind_140_anc_1-1,0.000002,0.000000,0.000000,0.000013
Q_ind_141_anc_1-1,0.000002,0.000000,0.000000,0.000014
Q_ind_142_anc_1-1,0.000002,0.000000,0.000000,0.000010
Q_ind_143_anc_1-1,0.000002,0.000000,0.000000,0.000010
Q_ind_144_anc_1-1,0.000002,0.000000,0.000000,0.000010
Q_ind_145_anc_1-1,0.000002,0.000000,0.000000,0.000008
Q_ind_146_anc_1-1,0.000003,0.000000,0.000000,0.000011
Q_ind_147_anc_1-1,0.000002,0.000000,0.000000,0.000009
Q_ind_148_anc_1-1,0.000002,0.000000,0.000000,0.000010
Q_ind_149_anc_1-1,0.000002,0.000000,0.000000,0.000006
Q_ind_150_anc_1-1,0.000002,0.000000,0.000000,0.000010
Q_ind_151_anc_1-1,0.000002,0.000000,0.000000,0.000013
Q_ind_152_anc_1-1,0.000002,0.000000,0.000000,0.000010
Q_ind_153_anc_1-1,0.000003,0.000000,0.000000,0.000016
Q_ind_154_anc_1-1,0.000002,0.000000,0.000000,0.000007
Q_ind_155_anc_1-1,0.000002,0.000000,0.000000,0.000010
Q_ind_156_anc_1-1,0.000002,0.000000,0.000000,0.000010
Q_ind_157_anc_1-1,0.000004,0.000000,0.000000,0.000013
Q_ind_158_anc_1-1,0.000002,0.000000,0.000000,0.000010
Q_ind_159_anc_1-1,0.000003,0.000000,0.000000,0.000017
Q_ind_160_anc_1-1,0.000002,0.000000,0.000000,0.000013
Q_ind_161_anc_1-1,0.000003,0.000000,0.000000,0.000016
Q_ind_162_anc_1-1,0.000002,0.000000,0.000000,0.000010
Q_ind_163_anc_1-1,0.000002,0.000000,0.000000,0.000010
Q_ind_164_anc_1-1,0.000002,0.000000,0.000000,0.000010
Q_ind_165_anc_1-1,0.000002,0.000000,0.000000,0.000010
Q_ind_166_anc_1-1,0.000004,0.000000,0.000000,0.000020
Q_ind_167_anc_1-1,0.000002,0.000000,0.000000,0.000010
Q_ind_168_anc_1-1,0.000003,0.000000,0.000000,0.000011
Q_ind_169_anc_1-1,0.000004,0.000000,0.000000,0.000033
Q_ind_170_anc_1-1,0.000003,0.000000,0.000000,0.000010
Q_ind_171_anc_1-1,0.000002,0.000000,0.000000,0.000015
Q_ind_172_anc_1-1,0.000002,0.000000,0.000000,0.000007
Q_ind_173_anc_1-1,0.000004,0.000000,0.000000,0.000025
Q_ind_174_anc_1-1,0.000002,0.000000,0.000000,0.000011
Q_ind_175_anc_1-1,0.000002,0.000000,0.000000,0.000010
Q_ind_176_anc_1-1,0.000002,0.000000,0.000000,0.000009
Q_ind_177_anc_1-1,0.000002,0.000000,0.000000,0.000011
Q_ind_178_anc_1-1,0.000003,0.000000,0.000000,0.000015
Q_ind_179_anc_1-1,0.000003,0.000000,0.000000,0.000018
Q_ind_180_anc_1-1,0.000002,0.000000,0.000000,0.000011
Q_ind_181_anc_1-1,0.000002,0.000000,0.000000,0.000011
Q_ind_182_anc_1-1,0.000003,0.000000,0.000000,0.000013
Q_ind_183_anc_1-1,0.000002,0.000000,0.000000,0.000011
Q_ind_184_anc_1-1,0.000002,0.000000,0.000000,0.000009
Q_ind_185_anc_1-1,0.000002,0.000000,0.000000,0.000007
Q_ind_186_anc_1-1,0.000002,0.000000,0.000000,0.000010
Q_ind_187_anc_1-1,0.000002,0.000000,0.000000,0.000012
Q_ind_188_anc_1-1,0.000004,0.000000,0.000000,0.000024
Q_ind_189_anc_1-1,0.000003,0.000000,0.000000,0.000010
Q_ind_190_anc_1-1,0.000002,0.000000,0.000000,0.000012
Q_ind_191_anc_1-1,0.000003,0.000000,0.000000,0.000014
Q_ind_192_anc_1-1,0.000002,0.000000,0.000000,0.000010
Q_ind_193_anc_1-1,0.000002,0.000000,0.000000,0.000016
Q_ind_194_anc_1-1,0.000002,0.000000,0.000000,0.000009
Q_ind_195_anc_1-1,0.000002,0.000000,0.000000,0.000009
Q_ind_196_anc_1-1,0.000002,0.000000,0.000000,0.000012
Q_ind_197_anc_1-1,0.000002,0.000000,0.000000,0.000012
Q_ind_198_anc_1-1,0.000003,0.000000,0.000000,0.000019
Q_ind_199_anc_1-1,0.000004,0.000000,0.000000,0.000017
Q_ind_200_anc_1-1,0.000003,0.000000,0.000000,0.000011
Q_ind_201_anc_1-1,0.000003,0.000000,0.000000,0.000017
Q_ind_202_anc_1-1,0.000002,0.000000,0.000000,0.000007
Q_ind_203_anc_1-1,0.000006,0.000000,0.000000,0.000049
Q_ind_204_anc_1-1,0.000002,0.000000,0.000000,0.000008
Q_ind_205_anc_1-1,0.000003,0.000000,0.000000,0.000016
Q_ind_206_anc_1-1,0.000002,0.000000,0.000000,0.000009
Q_ind_207_anc_1-1,0.000002,0.000000,0.000000,0.000008
Q_ind_208_anc_1-1,0.000003,0.000000,0.000000,0.000014
Q_ind_209_anc_1-1,0.000002,0.000000,0.000000,0.000007
Q_ind_210_anc_1-1,0.000001,0.000000,0.000000,0.000008
Q_ind_211_anc_1-1,0.000002,0.000000,0.000000,0.000012
Q_ind_212_anc_1-1,0.000002,0.000000,0.000000,0.000008
Q_ind_213_anc_1-1,0.000002,0.000000,0.000000,0.000010
Q_ind_214_anc_1-1,0.000002,0.000000,0.000000,0.000006
Q_ind_215_anc_1-1,0.000002,0.000000,0.000000,0.000010
Q_ind_216_anc_1-1,0.000002,0.000000,0.000000,0.000008
Q_ind_217_anc_1-1,0.000002,0.000000,0.000000,0.000009
Q_ind_218_anc_1-1,0.000002,0.000000,0.000000,0.000011
Q_ind_219_anc_1-1,0.000002,0.000000,0.000000,0.000011
Q_ind_220_anc_1-1,0.000003,0.000000,0.000000,0.000017
Q_ind_221_anc_1-1,0.000002,0.000000,0.000000,0.000012
Q_ind_222_anc_1-1,0.000002,0.000000,0.000000,0.000010
Q_ind_223_anc_1-1,0.000045,0.000000,0.000000,0.000481
Q_ind_224_anc_1-1,0.000002,0.000000,0.000000,0.000007
Q_ind_225_anc_1-1,0.000002,0.000000,0.000000,0.000008
Q_ind_226_anc_1-1,0.000002,0.000000,0.000000,0.000011
Q_ind_227_anc_1-1,0.000002,0.000000,0.000000,0.000011
Q_ind_228_anc_1-1,0.000003,0.000000,0.000000,0.000018
Q_ind_229_anc_1-1,0.000002,0.000000,0.000000,0.000012
Q_ind_230_anc_1-1,0.000002,0.000000,0.000000,0.000010
Q_ind_231_anc_1-1,0.000002,0.000000,0.000000,0.000008
Q_ind_232_anc_1-1,0.000002,0.000000,0.000000,0.000014
Q_ind_233_anc_1-1,0.000002,0.000000,0.000000,0.000012
Q_ind_234_anc_1-1,0.000002,0.000000,0.000000,0.000009
Q_ind_235_anc_1-1,0.000003,0.000000,0.000000,0.000016
Q_ind_236_anc_1-1,0.000002,0.000000,0.000000,0.000010
Q_ind_237_anc_1-1,0.000002,0.000000,0.000000,0.000012
Q_ind_238_anc_1-1,0.000002,0.000000,0.000000,0.000012
Q_ind_239_anc_1-1,0.000002,0.000000,0.000000,0.000010
Q_ind_240_anc_1-1,0.000002,0.000000,0.000000,0.000012
Q_ind_241_anc_1-1,0.000002,0.000000,0.000000,0.000009
Q_ind_242_anc_1-1,0.000002,0.000000,0.000000,0.000013
Q_ind_243_anc_1-1,0.000002,0.000000,0.000000,0.000013
Q_ind_244_anc_1-1,0.000002,0.000000,0.000000,0.000008
Q_ind_245_anc_1-1,0.000002,0.000000,0.000000,0.000011
Q_ind_246_anc_1-1,0.000002,0.000000,0.000000,0.000008
Q_ind_247_anc_1-1,0.000002,0.000000,0.000000,0.000008
Q_ind_248_anc_1-1,0.000002,0.000000,0.000000,0.000011
Q_ind_249_anc_1-1,0.000002,0.000000,0.000000,0.000007
Q_ind_250_anc_1-1,0.000002,0.000000,0.000000,0.000009
Q_ind_251_anc_1-1,0.000002,0.000000,0.000000,0.000013
Q_ind_252_anc_1-1,0.000002,0.000000,0.000000,0.000012
Q_ind_253_anc_1-1,0.000002,0.000000,0.000000,0.000010
Q_ind_254_anc_1-1,0.000002,0.000000,0.000000,0.000008
Q_ind_255_anc_1-1,0.000002,0.000000,0.000000,0.000009
Q_ind_256_anc_1-1,0.000002,0.000000,0.000000,0.000011
Q_ind_257_anc_1-1,0.000002,0.000000,0.000000,0.000007
Q_ind_258_anc_1-1,0.000002,0.000000,0.000000,0.000005
Q_ind_259_anc_1-1,0.000002,0.000000,0.000000,0.000013
Q_ind_260_anc_1-1,0.000003,0.000000,0.000000,0.000013
Q_ind_261_anc_1-1,0.000002,0.000000,0.000000,0.000011
Q_ind_262_anc_1-1,0.000002,0.000000,0.000000,0.000007
Q_ind_263_anc_1-1,0.000002,0.000000,0.000000,0.000010
Q_ind_264_anc_1-1,0.000002,0.000000,0.000000,0.000013
Q_ind_265_anc_1-1,0.000002,0.000000,0.000000,0.000011
Q_ind_266_anc_1-1,0.000002,0.000000,0.000000,0.000008
Q_ind_267_anc_1-1,0.000002,0.000000,0.000000,0.000011
Q_ind_268_anc_1-1,0.000002,0.000000,0.000000,0.000018
Q_ind_269_anc_1-1,0.000002,0.000000,0.000000,0.000012
Q_ind_270_anc_1-1,0.000002,0.000000,0.000000,0.000015
Q_ind_271_anc_1-1,0.000004,0.000000,0.000000,0.000022
Q_ind_272_anc_1-1,0.000002,0.000000,0.000000,0.000010
Q_ind_273_anc_1-1,0.000004,0.000000,0.000000,0.000027
Q_ind_274_anc_1-1,0.000002,0.000000,0.000000,0.000011
Q_ind_275_anc_1-1,0.000002,0.000000,0.000000,0.000010
Q_ind_276_anc_1-1,0.000002,0.000000,0.000000,0.000009
Q_ind_277_anc_1-1,0.000002,0.000000,0.000000,0.000009
Q_ind_278_anc_1-1,0.000002,0.000000,0.000000,0.000010
Q_ind_279_anc_1-1,0.000002,0.000000,0.000000,0.000010
Q_ind_280_anc_1-1,0.000002,0.000000,0.000000,0.000009
Q_ind_281_anc_1-1,0.000002,0.000000,0.000000,0.000009
Q_ind_282_anc_1-1,0.000004,0.000000,0.000000,0.000028
Q_ind_283_anc_1-1,0.000002,0.000000,0.000000,0.000012
Q_ind_284_anc_1-1,0.000002,0.000000,0.000000,0.000012
Q_ind_285_anc_1-1,0.000002,0.000000,0.000000,0.000007
Q_ind_286_anc_1-1,0.000001,0.000000,0.000000,0.000010
Q_ind_287_anc_1-1,0.000002,0.000000,0.000000,0.000008
Q_ind_288_anc_1-1,0.000002,0.000000,0.000000,0.000009
Q_ind_289_anc_1-1,0.000004,0.000000,0.000000,0.000025
Q_ind_290_anc_1-1,0.000002,0.000000,0.000000,0.000013
Q_ind_291_anc_1-1,0.000002,0.000000,0.000000,0.000009
Q_ind_292_anc_1-1,0.000003,0.000000,0.000000,0.000012
Q_ind_293_anc_1-1,0.000002,0.000000,0.000000,0.000011
Q_ind_294_anc_1-1,0.000002,0.000000,0.000000,0.000011
Q_ind_295_anc_1-1,0.000002,0.000000,0.000000,0.000012
Q_ind_296_anc_1-1,0.000002,0.000000,0.000000,0.000008
Q_ind_297_anc_1-1,0.000002,0.000000,0.000000,0.000008
Q_ind_298_anc_1-1,0.000002,0.000000,0.000000,0.000011
Q_ind_299_anc_1-1,0.000002,0.000000,0.000000,0.000010
Q_ind_300_anc_1-1,0.000002,0.000000,0.000000,0.000009
Q_ind_301_anc_1-1,0.000003,0.000000,0.000000,0.000018
Q_ind_302_anc_1-1,0.000003,0.000000,0.000000,0.000016
Q_ind_303_anc_1-1,0.000003,0.000000,0.000000,0.000012
Q_ind_304_anc_1-1,0.000002,0.000000,0.000000,0.000011
Q_ind_305_anc_1-1,0.000002,0.000000,0.000000,0.000012
Q_ind_306_anc_1-1,0.000002,0.000000,0.000000,0.000011
Q_ind_307_anc_1-1,0.000002,0.000000,0.000000,0.000012
Q_ind_308_anc_1-1,0.000002,0.000000,0.000000,0.000010
Q_ind_309_anc_1-1,0.000002,0.000000,0.000000,0.000010
Q_ind_310_anc_1-1,0.000002,0.000000,0.000000,0.000011
Q_ind_311_anc_1-1,0.000002,0.000000,0.000000,0.000015
Q_ind_312_anc_1-1,0.000002,0.000000,0.000000,0.000010
Q_ind_313_anc_1-1,0.000101,0.000000,0.000000,0.000918
Q_ind_314_anc_1-1,0.000005,0.000000,0.000000,0.000036
Q_ind_315_anc_1-1,0.000005,0.000000,0.000000,0.000032
Q_ind_316_anc_1-1,0.000002,0.000000,0.000000,0.000013
Q_ind_317_anc_1-1,0.000003,0.000000,0.000000,0.000011
Q_ind_318_anc_1-1,0.000002,0.000000,0.000000,0.000009
Q_ind_319_anc_1-1,0.000002,0.000000,0.000000,0.000013
Q_ind_320_anc_1-1,0.000003,0.000000,0.000000,0.000020
Q_ind_321_anc_1-1,0.000006,0.000000,0.000000,0.000044
Q_ind_322_anc_1-1,0.000004,0.000000,0.000000,0.000018
Q_ind_323_anc_1-1,0.000002,0.000000,0.000000,0.000009
Q_ind_324_anc_1-1,0.000002,0.000000,0.000000,0.000010
Q_ind_325_anc_1-1,0.000002,0.000000,0.000000,0.000011
Q_ind_326_anc_1-1,0.000002,0.000000,0.000000,0.000011
Q_ind_327_anc_1-1,0.000002,0.000000,0.000000,0.000007
Q_ind_328_anc_1-1,0.000002,0.000000,0.000000,0.000010
Q_ind_329_anc_1-1,0.000002,0.000000,0.000000,0.000011
Q_ind_330_anc_1-1,0.046866,0.046793,0.040521,0.053650
Q_ind_331_anc_1-1,0.000002,0.000000,0.000000,0.000011
Q_ind_332_anc_1-1,0.000002,0.000000,0.000000,0.000011
Q_ind_333_anc_1-1,0.000045,0.000000,0.000000,0.000468
Q_ind_334_anc_1-1,0.000002,0.000000,0.000000,0.000009
Q_ind_335_anc_1-1,0.000002,0.000000,0.000000,0.000009
Q_ind_336_anc_1-1,0.000003,0.000000,0.000000,0.000014
Q_ind_337_anc_1-1,0.000002,0.000000,0.000000,0.000011
Q_ind_338_anc_1-1,0.000002,0.000000,0.000000,0.000009
Q_ind_339_anc_1-1,0.000002,0.000000,0.000000,0.000010
Q_ind_340_anc_1-1,0.000002,0.000000,0.000000,0.000012
Q_ind_341_anc_1-1,0.000002,0.000000,0.000000,0.000007
Q_ind_342_anc_1-1,0.000003,0.000000,0.000000,0.000021
Q_ind_343_anc_1-1,0.000003,0.000000,0.000000,0.000018
Q_ind_344_anc_1-1,0.000002,0.000000,0.000000,0.000011
Q_ind_345_anc_1-1,0.000002,0.000000,0.000000,0.000010
Q_ind_346_anc_1-1,0.000002,0.000000,0.000000,0.000016
Q_ind_347_anc_1-1,0.000002,0.000000,0.000000,0.000008
Q_ind_348_anc_1-1,0.000002,0.000000,0.000000,0.000009
Q_ind_349_anc_1-1,0.000003,0.000000,0.000000,0.000014
Q_ind_350_anc_1-1,0.000002,0.000000,0.000000,0.000010
Q_ind_351_anc_1-1,0.000002,0.000000,0.000000,0.000014
Q_ind_352_anc_1-1,0.000003,0.000000,0.000000,0.000013
Q_ind_353_anc_1-1,0.000002,0.000000,0.000000,0.000010
Q_ind_354_anc_1-1,0.000002,0.000000,0.000000,0.000012
Q_ind_355_anc_1-1,0.000002,0.000000,0.000000,0.000010
Q_ind_356_anc_1-1,0.000002,0.000000,0.000000,0.000010
Q_ind_357_anc_1-1,0.000002,0.000000,0.000000,0.000013
Q_ind_358_anc_1-1,0.000003,0.000000,0.000000,0.000013
Q_ind_359_anc_1-1,0.000002,0.000000,0.000000,0.000010
Q_ind_360_anc_1-1,0.000012,0.000000,0.000000,0.000097
Q_ind_361_anc_1-1,0.000002,0.000000,0.000000,0.000011
Q_ind_362_anc_1-1,0.000002,0.000000,0.000000,0.000009
Q_ind_363_anc_1-1,0.000002,0.000000,0.000000,0.000010
Q_ind_364_anc_1-1,0.000022,0.000000,0.000000,0.000304
Q_ind_365_anc_1-1,0.000008,0.000000,0.000000,0.000075
Q_ind_366_anc_1-1,0.000002,0.000000,0.000000,0.000007
Q_ind_367_anc_1-1,0.000003,0.000000,0.000000,0.000010
Q_ind_368_anc_1-1,0.000004,0.000000,0.000000,0.000034
Q_ind_369_anc_1-1,0.000002,0.000000,0.000000,0.000010
Q_ind_370_anc_1-1,0.000002,0.000000,0.000000,0.000008
Q_ind_371_anc_1-1,0.000002,0.000000,0.000000,0.000011
Q_ind_372_anc_1-1,0.000003,0.000000,0.000000,0.000014
Q_ind_373_anc_1-1,0.000002,0.000000,0.000000,0.000009
Q_ind_374_anc_1-1,0.000003,0.000000,0.000000,0.000026
Q_ind_375_anc_1-1,0.000003,0.000000,0.000000,0.000019
Q_ind_376_anc_1-1,0.000001,0.000000,0.000000,0.000006
Q_ind_377_anc_1-1,0.000002,0.000000,0.000000,0.000008
Q_ind_378_anc_1-1,0.000002,0.000000,0.000000,0.000007
Q_ind_379_anc_1-1,0.000002,0.000000,0.000000,0.000008
Q_ind_380_anc_1-1,0.000003,0.000000,0.000000,0.000021
Q_ind_381_anc_1-1,0.000003,0.000000,0.000000,0.000012
Q_ind_382_anc_1-1,0.000002,0.000000,0.000000,0.000005
Q_ind_383_anc_1-1,0.000002,0.000000,0.000000,0.000012
Q_ind_384_anc_1-1,0.000002,0.000000,0.000000,0.000010
Q_ind_385_anc_1-1,0.000004,0.000000,0.000000,0.000036
Q_ind_386_anc_1-1,0.000002,0.000000,0.000000,0.000010
Q_ind_387_anc_1-1,0.000003,0.000000,0.000000,0.000013
Q_ind_388_anc_1-1,0.000002,0.000000,0.000000,0.000013
Q_ind_389_anc_1-1,0.000002,0.000000,0.000000,0.000012
Q_ind_390_anc_1-1,0.000002,0.000000,0.000000,0.000014
Q_ind_391_anc_1-1,0.000371,0.000291,0.000000,0.001291
Q_ind_392_anc_1-1,0.000002,0.000000,0.000000,0.000011
Q_ind_393_anc_1-1,0.000018,0.000000,0.000000,0.000249
Q_ind_394_anc_1-1,0.000004,0.000000,0.000000,0.000028
Q_ind_395_anc_1-1,0.000010,0.000000,0.000000,0.000119
Q_ind_396_anc_1-1,0.000002,0.000000,0.000000,0.000008
Q_ind_397_anc_1-1,0.000002,0.000000,0.000000,0.000012
Q_ind_398_anc_1-1,0.000004,0.000000,0.000000,0.000026
Q_ind_399_anc_1-1,0.000106,0.000000,0.000000,0.001026
Q_ind_400_anc_1-1,0.000004,0.000000,0.000000,0.000020
Q_ind_401_anc_1-1,0.000002,0.000000,0.000000,0.000009
Q_ind_402_anc_1-1,0.000211,0.000110,0.000000,0.000935
Q_ind_403_anc_1-1,0.000006,0.000000,0.000000,0.000053
Q_ind_404_anc_1-1,0.000002,0.000000,0.000000,0.000009
Q_ind_405_anc_1-1,0.000003,0.000000,0.000000,0.000011
Q_ind_406_anc_1-1,0.000002,0.000000,0.000000,0.000008
Q_ind_407_anc_1-1,0.000012,0.000000,0.000000,0.000174
Q_ind_408_anc_1-1,0.000036,0.000000,0.000000,0.000461
Q_ind_409_anc_1-1,0.000002,0.000000,0.000000,0.000012
Q_ind_410_anc_1-1,0.000003,0.000000,0.000000,0.000017
Q_ind_411_anc_1-1,0.000002,0.000000,0.000000,0.000012
Q_ind_412_anc_1-1,0.000007,0.000000,0.000000,0.000050
Q_ind_413_anc_1-1,0.000007,0.000000,0.000000,0.000065
Q_ind_414_anc_1-1,0.000003,0.000000,0.000000,0.000014
Q_ind_415_anc_1-1,0.000003,0.000000,0.000000,0.000011
Q_ind_416_anc_1-1,0.000006,0.000000,0.000000,0.000039
Q_ind_417_anc_1-1,0.000003,0.000000,0.000000,0.000020
Q_ind_418_anc_1-1,0.000016,0.000000,0.000000,0.000221
Q_ind_419_anc_1-1,0.000002,0.000000,0.000000,0.000009
Q_ind_420_anc_1-1,0.000016,0.000000,0.000000,0.000224
Q_ind_421_anc_1-1,0.000002,0.000000,0.000000,0.000008
Q_ind_422_anc_1-1,0.000002,0.000000,0.000000,0.000010
Q_ind_423_anc_1-1,0.000007,0.000000,0.000000,0.000073
Q_ind_424_anc_1-1,0.000002,0.000000,0.000000,0.000008
Q_ind_425_anc_1-1,0.001806,0.001694,0.000452,0.003674
Q_ind_426_anc_1-1,0.000002,0.000000,0.000000,0.000010
Q_ind_427_anc_1-1,0.000002,0.000000,0.000000,0.000008
Q_ind_428_anc_1-1,0.000003,0.000000,0.000000,0.000017
Q_ind_1_anc_2-1,0.000004,0.000000,0.000000,0.000031
Q_ind_2_anc_2-1,0.000003,0.000000,0.000000,0.000018
Q_ind_3_anc_2-1,0.000003,0.000000,0.000000,0.000013
Q_ind_4_anc_2-1,0.000012,0.000000,0.000000,0.000096
Q_ind_5_anc_2-1,0.000005,0.000000,0.000000,0.000022
Q_ind_6_anc_2-1,0.000019,0.000000,0.000000,0.000159
Q_ind_7_anc_2-1,0.000013,0.000000,0.000000,0.000117
Q_ind_8_anc_2-1,0.000007,0.000000,0.000000,0.000036
Q_ind_9_anc_2-1,0.000014,0.000000,0.000000,0.000093
Q_ind_10_anc_2-1,0.000005,0.000000,0.000000,0.000030
Q_ind_11_anc_2-1,0.000008,0.000000,0.000000,0.000050
Q_ind_12_anc_2-1,0.000039,0.000000,0.000000,0.000558
Q_ind_13_anc_2-1,0.000005,0.000000,0.000000,0.000026
Q_ind_14_anc_2-1,0.000006,0.000000,0.000000,0.000032
Q_ind_15_anc_2-1,0.000025,0.000000,0.000000,0.000241
Q_ind_16_anc_2-1,0.000008,0.000000,0.000000,0.000049
Q_ind_17_anc_2-1,0.000005,0.000000,0.000000,0.000028
Q_ind_18_anc_2-1,0.000029,0.000000,0.000000,0.000299
Q_ind_19_anc_2-1,0.000006,0.000000,0.000000,0.000039
Q_ind_20_anc_2-1,0.000010,0.000000,0.000000,0.000083
Q_ind_21_anc_2-1,0.000004,0.000000,0.000000,0.000019
Q_ind_22_anc_2-1,0.000012,0.000000,0.000000,0.000100
Q_ind_23_anc_2-1,0.000003,0.000000,0.000000,0.000017
Q_ind_24_anc_2-1,0.000004,0.000000,0.000000,0.000014
Q_ind_25_anc_2-1,0.000006,0.000000,0.000000,0.000029
Q_ind_26_anc_2-1,0.000006,0.000000,0.000000,0.000033
Q_ind_27_anc_2-1,0.000007,0.000000,0.000000,0.000039
Q_ind_28_anc_2-1,0.000005,0.000000,0.000000,0.000029
Q_ind_29_anc_2-1,0.000003,0.000000,0.000000,0.000012
Q_ind_30_anc_2-1,0.000003,0.000000,0.000000,0.000014
Q_ind_31_anc_2-1,0.000002,0.000000,0.000000,0.000010
Q_ind_32_anc_2-1,0.000002,0.000000,0.000000,0.000010
Q_ind_33_anc_2-1,0.000003,0.000000,0.000000,0.000012
Q_ind_34_anc_2-1,0.000003,0.000000,0.000000,0.000017
Q_ind_35_anc_2-1,0.000003,0.000000,0.000000,0.000013
Q_ind_36_anc_2-1,0.000002,0.000000,0.000000,0.000012
Q_ind_37_anc_2-1,0.000004,0.000000,0.000000,0.000028
Q_ind_38_anc_2-1,0.000002,0.000000,0.000000,0.000014
Q_ind_39_anc_2-1,0.000039,0.000000,0.000000,0.000569
Q_ind_40_anc_2-1,0.000003,0.000000,0.000000,0.000015
Q_ind_41_anc_2-1,0.000002,0.000000,0.000000,0.000009
Q_ind_42_anc_2-1,0.000002,0.000000,0.000000,0.000009
Q_ind_43_anc_2-1,0.000002,0.000000,0.000000,0.000009
Q_ind_44_anc_2-1,0.000002,0.000000,0.000000,0.000011
Q_ind_45_anc_2-1,0.000002,0.000000,0.000000,0.000010
Q_ind_46_anc_2-1,0.000005,0.000000,0.000000,0.000034
Q_ind_47_anc_2-1,0.000002,0.000000,0.000000,0.000010
Q_ind_48_anc_2-1,0.000002,0.000000,0.000000,0.000011
Q_ind_49_anc_2-1,0.000004,0.000000,0.000000,0.000020
Q_ind_50_anc_2-1,0.000005,0.000000,0.000000,0.000016
Q_ind_51_anc_2-1,0.000002,0.000000,0.000000,0.000007
Q_ind_52_anc_2-1,0.000002,0.000000,0.000000,0.000015
Q_ind_53_anc_2-1,0.000002,0.000000,0.000000,0.000012
Q_ind_54_anc_2-1,0.000001,0.000000,0.000000,0.000007
Q_ind_55_anc_2-1,0.000002,0.000000,0.000000,0.000012
Q_ind_56_anc_2-1,0.000002,0.000000,0.000000,0.000011
Q_ind_57_anc_2-1,0.000002,0.000000,0.000000,0.000012
Q_ind_58_anc_2-1,0.000003,0.000000,0.000000,0.000013
Q_ind_59_anc_2-1,0.000004,0.000000,0.000000,0.000018
Q_ind_60_anc_2-1,0.000003,0.000000,0.000000,0.000016
Q_ind_61_anc_2-1,0.000037,0.000000,0.000000,0.000510
Q_ind_62_anc_2-1,0.000004,0.000000,0.000000,0.000017
Q_ind_63_anc_2-1,0.000003,0.000000,0.000000,0.000017
Q_ind_64_anc_2-1,0.000003,0.000000,0.000000,0.000011
Q_ind_65_anc_2-1,0.000003,0.000000,0.000000,0.000012
Q_ind_66_anc_2-1,0.000004,0.000000,0.000000,0.000023
Q_ind_67_anc_2-1,0.000005,0.000000,0.000000,0.000025
Q_ind_68_anc_2-1,0.000002,0.000000,0.000000,0.000011
Q_ind_69_anc_2-1,0.000003,0.000000,0.000000,0.000016
Q_ind_70_anc_2-1,0.000005,0.000000,0.000000,0.000026
Q_ind_71_anc_2-1,0.000003,0.000000,0.000000,0.000013
Q_ind_72_anc_2-1,0.000002,0.000000,0.000000,0.000016
Q_ind_73_anc_2-1,0.000006,0.000000,0.000000,0.000036
Q_ind_74_anc_2-1,0.000002,0.000000,0.000000,0.000016
Q_ind_75_anc_2-1,0.000007,0.000000,0.000000,0.000043
Q_ind_76_anc_2-1,0.003593,0.003550,0.000000,0.006907
Q_ind_77_anc_2-1,0.000003,0.000000,0.000000,0.000015
Q_ind_78_anc_2-1,0.000004,0.000000,0.000000,0.000019
Q_ind_79_anc_2-1,0.000004,0.000000,0.000000,0.000020
Q_ind_80_anc_2-1,0.006465,0.006330,0.003277,0.010370
Q_ind_81_anc_2-1,0.000009,0.000000,0.000000,0.000040
Q_ind_82_anc_2-1,0.000010,0.000000,0.000000,0.000068
Q_ind_83_anc_2-1,0.000732,0.000000,0.000000,0.004845
Q_ind_84_anc_2-1,0.000020,0.000000,0.000000,0.000169
Q_ind_85_anc_2-1,0.000017,0.000000,0.000000,0.000087
Q_ind_86_anc_2-1,0.000006,0.000000,0.000000,0.000024
Q_ind_87_anc_2-1,0.000007,0.000000,0.000000,0.000038
Q_ind_88_anc_2-1,0.000006,0.000000,0.000000,0.000036
Q_ind_89_anc_2-1,0.001627,0.000774,0.000000,0.006136
Q_ind_90_anc_2-1,0.003060,0.002994,0.000000,0.005925
Q_ind_91_anc_2-1,0.000992,0.000000,0.000000,0.004130
Q_ind_92_anc_2-1,0.000099,0.000000,0.000000,0.001519
Q_ind_93_anc_2-1,0.000020,0.000000,0.000000,0.000208
Q_ind_94_anc_2-1,0.003875,0.003789,0.001051,0.007148
Q_ind_95_anc_2-1,0.000008,0.000000,0.000000,0.000054
Q_ind_96_anc_2-1,0.000004,0.000000,0.000000,0.000019
Q_ind_97_anc_2-1,0.000031,0.000000,0.000000,0.000443
Q_ind_98_anc_2-1,0.000004,0.000000,0.000000,0.000023
Q_ind_99_anc_2-1,0.000003,0.000000,0.000000,0.000015
Q_ind_100_anc_2-1,0.000006,0.000000,0.000000,0.000029
Q_ind_101_anc_2-1,0.000004,0.000000,0.000000,0.000020
Q_ind_102_anc_2-1,0.000003,0.000000,0.000000,0.000011
Q_ind_103_anc_2-1,0.000017,0.000000,0.000000,0.000219
Q_ind_104_anc_2-1,0.000004,0.000000,0.000000,0.000031
Q_ind_105_anc_2-1,0.000002,0.000000,0.000000,0.000011
Q_ind_106_anc_2-1,0.000002,0.000000,0.000000,0.000009
Q_ind_107_anc_2-1,0.000002,0.000000,0.000000,0.000015
Q_ind_108_anc_2-1,0.000005,0.000000,0.000000,0.000034
Q_ind_109_anc_2-1,0.000004,0.000000,0.000000,0.000020
Q_ind_110_anc_2-1,0.000017,0.000000,0.000000,0.000258
Q_ind_111_anc_2-1,0.000002,0.000000,0.000000,0.000008
Q_ind_112_anc_2-1,0.000003,0.000000,0.000000,0.000015
Q_ind_113_anc_2-1,0.000005,0.000000,0.000000,0.000026
Q_ind_114_anc_2-1,0.000002,0.000000,0.000000,0.000011
Q_ind_115_anc_2-1,0.000839,0.000747,0.000000,0.002652
Q_ind_116_anc_2-1,0.006916,0.006840,0.004491,0.009698
Q_ind_117_anc_2-1,0.009544,0.009461,0.006425,0.013025
Q_ind_118_anc_2-1,0.003427,0.003340,0.001612,0.005728
Q_ind_119_anc_2-1,0.000003,0.000000,0.000000,0.000019
Q_ind_120_anc_2-1,0.000002,0.000000,0.000000,0.000010
Q_ind_121_anc_2-1,0.000003,0.000000,0.000000,0.000012
Q_ind_122_anc_2-1,0.000003,0.000000,0.000000,0.000013
Q_ind_123_anc_2-1,0.000003,0.000000,0.000000,0.000024
Q_ind_124_anc_2-1,0.000004,0.000000,0.000000,0.000024
Q_ind_125_anc_2-1,0.000018,0.000000,0.000000,0.000262
Q_ind_126_anc_2-1,0.000004,0.000000,0.000000,0.000018
Q_ind_127_anc_2-1,0.000003,0.000000,0.000000,0.000013
Q_ind_128_anc_2-1,0.000005,0.000000,0.000000,0.000029
Q_ind_129_anc_2-1,0.000005,0.000000,0.000000,0.000032
Q_ind_130_anc_2-1,0.000008,0.000000,0.000000,0.000062
Q_ind_131_anc_2-1,0.000003,0.000000,0.000000,0.000014
Q_ind_132_anc_2-1,0.000003,0.000000,0.000000,0.000010
Q_ind_133_anc_2-1,0.000003,0.000000,0.000000,0.000011
Q_ind_134_anc_2-1,0.000003,0.000000,0.000000,0.000015
Q_ind_135_anc_2-1,0.000003,0.000000,0.000000,0.000021
Q_ind_136_anc_2-1,0.000003,0.000000,0.000000,0.000015
Q_ind_137_anc_2-1,0.000003,0.000000,0.000000,0.000020
Q_ind_138_anc_2-1,0.000003,0.000000,0.000000,0.000021
Q_ind_139_anc_2-1,0.000003,0.000000,0.000000,0.000012
Q_ind_140_anc_2-1,0.000002,0.000000,0.000000,0.000011
Q_ind_141_anc_2-1,0.000002,0.000000,0.000000,0.000012
Q_ind_142_anc_2-1,0.000003,0.000000,0.000000,0.000012
Q_ind_143_anc_2-1,0.000002,0.000000,0.000000,0.000009
Q_ind_144_anc_2-1,0.000007,0.000000,0.000000,0.000048
Q_ind_145_anc_2-1,0.000002,0.000000,0.000000,0.000010
Q_ind_146_anc_2-1,0.000002,0.000000,0.000000,0.000008
Q_ind_147_anc_2-1,0.000003,0.000000,0.000000,0.000023
Q_ind_148_anc_2-1,0.000002,0.000000,0.000000,0.000011
Q_ind_149_anc_2-1,0.000003,0.000000,0.000000,0.000012
Q_ind_150_anc_2-1,0.000002,0.000000,0.000000,0.000009
Q_ind_151_anc_2-1,0.000002,0.000000,0.000000,0.000014
Q_ind_152_anc_2-1,0.000002,0.000000,0.000000,0.000010
Q_ind_153_anc_2-1,0.000003,0.000000,0.000000,0.000013
Q_ind_154_anc_2-1,0.000002,0.000000,0.000000,0.000014
Q_ind_155_anc_2-1,0.000004,0.000000,0.000000,0.000016
Q_ind_156_anc_2-1,0.000002,0.000000,0.000000,0.000012
Q_ind_157_anc_2-1,0.000004,0.000000,0.000000,0.000028
Q_ind_158_anc_2-1,0.000002,0.000000,0.000000,0.000013
Q_ind_159_anc_2-1,0.000004,0.000000,0.000000,0.000017
Q_ind_160_anc_2-1,0.000004,0.000000,0.000000,0.000022
Q_ind_161_anc_2-1,0.000002,0.000000,0.000000,0.000010
Q_ind_162_anc_2-1,0.000003,0.000000,0.000000,0.000016
Q_ind_163_anc_2-1,0.000010,0.000000,0.000000,0.000082
Q_ind_164_anc_2-1,0.000002,0.000000,0.000000,0.000012
Q_ind_165_anc_2-1,0.000002,0.000000,0.000000,0.000009
Q_ind_166_anc_2-1,0.000002,0.000000,0.000000,0.000011
Q_ind_167_anc_2-1,0.000002,0.000000,0.000000,0.000016
Q_ind_168_anc_2-1,0.000002,0.000000,0.000000,0.000013
Q_ind_169_anc_2-1,0.000002,0.000000,0.000000,0.000012
Q_ind_170_anc_2-1,0.000003,0.000000,0.000000,0.000017
Q_ind_171_anc_2-1,0.000003,0.000000,0.000000,0.000016
Q_ind_172_anc_2-1,0.000003,0.000000,0.000000,0.000021
Q_ind_173_anc_2-1,0.000003,0.000000,0.000000,0.000015
Q_ind_174_anc_2-1,0.000002,0.000000,0.000000,0.000014
Q_ind_175_anc_2-1,0.000002,0.000000,0.000000,0.000012
Q_ind_176_anc_2-1,0.000002,0.000000,0.000000,0.000008
Q_ind_177_anc_2-1,0.000002,0.000000,0.000000,0.000013
Q_ind_178_anc_2-1,0.000002,0.000000,0.000000,0.000010
Q_ind_179_anc_2-1,0.000013,0.000000,0.000000,0.000132
Q_ind_180_anc_2-1,0.000003,0.000000,0.000000,0.000013
Q_ind_181_anc_2-1,0.000002,0.000000,0.000000,0.000014
Q_ind_182_anc_2-1,0.000002,0.000000,0.000000,0.000010
Q_ind_183_anc_2-1,0.000002,0.000000,0.000000,0.000011
Q_ind_184_anc_2-1,0.000003,0.000000,0.000000,0.000009
Q_ind_185_anc_2-1,0.000002,0.000000,0.000000,0.000012
Q_ind_186_anc_2-1,0.000003,0.000000,0.000000,0.000015
Q_ind_187_anc_2-1,0.000003,0.000000,0.000000,0.000018
Q_ind_188_anc_2-1,0.000002,0.000000,0.000000,0.000010
Q_ind_189_anc_2-1,0.000003,0.000000,0.000000,0.000015
Q_ind_190_anc_2-1,0.000003,0.000000,0.000000,0.000011
Q_ind_191_anc_2-1,0.000005,0.000000,0.000000,0.000033
Q_ind_192_anc_2-1,0.000002,0.000000,0.000000,0.000014
Q_ind_193_anc_2-1,0.000003,0.000000,0.000000,0.000014
Q_ind_194_anc_2-1,0.000002,0.000000,0.000000,0.000007
Q_ind_195_anc_2-1,0.000004,0.000000,0.000000,0.000024
Q_ind_196_anc_2-1,0.000003,0.000000,0.000000,0.000013
Q_ind_197_anc_2-1,0.000002,0.000000,0.000000,0.000011
Q_ind_198_anc_2-1,0.000002,0.000000,0.000000,0.000008
Q_ind_199_anc_2-1,0.000003,0.000000,0.000000,0.000014
Q_ind_200_anc_2-1,0.000002,0.000000,0.000000,0.000013
Q_ind_201_anc_2-1,0.000005,0.000000,0.000000,0.000021
Q_ind_202_anc_2-1,0.000004,0.000000,0.000000,0.000030
Q_ind_203_anc_2-1,0.000003,0.000000,0.000000,0.000018
Q_ind_204_anc_2-1,0.000002,0.000000,0.000000,0.000016
Q_ind_205_anc_2-1,0.000006,0.000000,0.000000,0.000049
Q_ind_206_anc_2-1,0.000002,0.000000,0.000000,0.000011
Q_ind_207_anc_2-1,0.000003,0.000000,0.000000,0.000017
Q_ind_208_anc_2-1,0.000002,0.000000,0.000000,0.000009
Q_ind_209_anc_2-1,0.000003,0.000000,0.000000,0.000014
Q_ind_210_anc_2-1,0.000002,0.000000,0.000000,0.000013
Q_ind_211_anc_2-1,0.000009,0.000000,0.000000,0.000076
Q_ind_212_anc_2-1,0.000002,0.000000,0.000000,0.000013
Q_ind_213_anc_2-1,0.000003,0.000000,0.000000,0.000016
Q_ind_214_anc_2-1,0.000003,0.000000,0.000000,0.000014
Q_ind_215_anc_2-1,0.000002,0.000000,0.000000,0.000012
Q_ind_216_anc_2-1,0.000027,0.000000,0.000000,0.000417
Q_ind_217_anc_2-1,0.000005,0.000000,0.000000,0.000031
Q_ind_218_anc_2-1,0.000003,0.000000,0.000000,0.000015
Q_ind_219_anc_2-1,0.000002,0.000000,0.000000,0.000009
Q_ind_220_anc_2-1,0.000027,0.000000,0.000000,0.000395
Q_ind_221_anc_2-1,0.000005,0.000000,0.000000,0.000050
Q_ind_222_anc_2-1,0.000003,0.000000,0.000000,0.000012
Q_ind_223_anc_2-1,0.000031,0.000000,0.000000,0.000462
Q_ind_224_anc_2-1,0.000002,0.000000,0.000000,0.000008
Q_ind_225_anc_2-1,0.000004,0.000000,0.000000,0.000021
Q_ind_226_anc_2-1,0.000003,0.000000,0.000000,0.000022
Q_ind_227_anc_2-1,0.000002,0.000000,0.000000,0.000009
Q_ind_228_anc_2-1,0.000003,0.000000,0.000000,0.000013
Q_ind_229_anc_2-1,0.000002,0.000000,0.000000,0.000014
Q_ind_230_anc_2-1,0.000002,0.000000,0.000000,0.000011
Q_ind_231_anc_2-1,0.000002,0.000000,0.000000,0.000017
Q_ind_232_anc_2-1,0.000002,0.000000,0.000000,0.000012
Q_ind_233_anc_2-1,0.000002,0.000000,0.000000,0.000009
Q_ind_234_anc_2-1,0.000002,0.000000,0.000000,0.000011
Q_ind_235_anc_2-1,0.000002,0.000000,0.000000,0.000010
Q_ind_236_anc_2-1,0.000003,0.000000,0.000000,0.000018
Q_ind_237_anc_2-1,0.000002,0.000000,0.000000,0.000009
Q_ind_238_anc_2-1,0.000002,0.000000,0.000000,0.000011
Q_ind_239_anc_2-1,0.000003,0.000000,0.000000,0.000015
Q_ind_240_anc_2-1,0.000003,0.000000,0.000000,0.000015
Q_ind_241_anc_2-1,0.000002,0.000000,0.000000,0.000009
Q_ind_242_anc_2-1,0.000002,0.000000,0.000000,0.000013
Q_ind_243_anc_2-1,0.000002,0.000000,0.000000,0.000012
Q_ind_244_anc_2-1,0.000002,0.000000,0.000000,0.000013
Q_ind_245_anc_2-1,0.000002,0.000000,0.000000,0.000014
Q_ind_246_anc_2-1,0.000002,0.000000,0.000000,0.000007
Q_ind_247_anc_2-1,0.000005,0.000000,0.000000,0.000030
Q_ind_248_anc_2-1,0.000002,0.000000,0.000000,0.000011
Q_ind_249_anc_2-1,0.000002,0.000000,0.000000,0.000008
Q_ind_250_anc_2-1,0.000002,0.000000,0.000000,0.000009
Q_ind_251_anc_2-1,0.000002,0.000000,0.000000,0.000011
Q_ind_252_anc_2-1,0.000002,0.000000,0.000000,0.000011
Q_ind_253_anc_2-1,0.000002,0.000000,0.000000,0.000008
Q_ind_254_anc_2-1,0.000003,0.000000,0.000000,0.000015
Q_ind_255_anc_2-1,0.000002,0.000000,0.000000,0.000013
Q_ind_256_anc_2-1,0.000002,0.000000,0.000000,0.000011
Q_ind_257_anc_2-1,0.000002,0.000000,0.000000,0.000007
Q_ind_258_anc_2-1,0.000002,0.000000,0.000000,0.000014
Q_ind_259_anc_2-1,0.000003,0.000000,0.000000,0.000010
Q_ind_260_anc_2-1,0.000094,0.000000,0.000000,0.001094
Q_ind_261_anc_2-1,0.000003,0.000000,0.000000,0.000015
Q_ind_262_anc_2-1,0.000006,0.000000,0.000000,0.000036
Q_ind_263_anc_2-1,0.000002,0.000000,0.000000,0.000007
Q_ind_264_anc_2-1,0.000007,0.000000,0.000000,0.000058
Q_ind_265_anc_2-1,0.000002,0.000000,0.000000,0.000010
Q_ind_266_anc_2-1,0.000002,0.000000,0.000000,0.000012
Q_ind_267_anc_2-1,0.000002,0.000000,0.000000,0.000011
Q_ind_268_anc_2-1,0.000003,0.000000,0.000000,0.000021
Q_ind_269_anc_2-1,0.000003,0.000000,0.000000,0.000016
Q_ind_270_anc_2-1,0.000002,0.000000,0.000000,0.000009
Q_ind_271_anc_2-1,0.000002,0.000000,0.000000,0.000016
Q_ind_272_anc_2-1,0.000003,0.000000,0.000000,0.000015
Q_ind_273_anc_2-1,0.000002,0.000000,0.000000,0.000012
Q_ind_274_anc_2-1,0.000002,0.000000,0.000000,0.000010
Q_ind_275_anc_2-1,0.000003,0.000000,0.000000,0.000014
Q_ind_276_anc_2-1,0.000002,0.000000,0.000000,0.000013
Q_ind_277_anc_2-1,0.000002,0.000000,0.000000,0.000008
Q_ind_278_anc_2-1,0.000002,0.000000,0.000000,0.000012
Q_ind_279_anc_2-1,0.000002,0.000000,0.000000,0.000012
Q_ind_280_anc_2-1,0.000002,0.000000,0.000000,0.000014
Q_ind_281_anc_2-1,0.000002,0.000000,0.000000,0.000011
Q_ind_282_anc_2-1,0.000003,0.000000,0.000000,0.000015
Q_ind_283_anc_2-1,0.000002,0.000000,0.000000,0.000008
Q_ind_284_anc_2-1,0.000002,0.000000,0.000000,0.000013
Q_ind_285_anc_2-1,0.000002,0.000000,0.000000,0.000011
Q_ind_286_anc_2-1,0.000002,0.000000,0.000000,0.000010
Q_ind_287_anc_2-1,0.000003,0.000000,0.000000,0.000018
Q_ind_288_anc_2-1,0.000002,0.000000,0.000000,0.000009
Q_ind_289_anc_2-1,0.000002,0.000000,0.000000,0.000009
Q_ind_290_anc_2-1,0.000004,0.000000,0.000000,0.000027
Q_ind_291_anc_2-1,0.000003,0.000000,0.000000,0.000016
Q_ind_292_anc_2-1,0.000003,0.000000,0.000000,0.000017
Q_ind_293_anc_2-1,0.000002,0.000000,0.000000,0.000011
Q_ind_294_anc_2-1,0.000009,0.000000,0.000000,0.000101
Q_ind_295_anc_2-1,0.000002,0.000000,0.000000,0.000014
Q_ind_296_anc_2-1,0.000002,0.000000,0.000000,0.000012
Q_ind_297_anc_2-1,0.000003,0.000000,0.000000,0.000016
Q_ind_298_anc_2-1,0.000002,0.000000,0.000000,0.000008
Q_ind_299_anc_2-1,0.000002,0.000000,0.000000,0.000009
Q_ind_300_anc_2-1,0.000003,0.000000,0.000000,0.000016
Q_ind_301_anc_2-1,0.000002,0.000000,0.000000,0.000016
Q_ind_302_anc_2-1,0.000003,0.000000,0.000000,0.000015
Q_ind_303_anc_2-1,0.000007,0.000000,0.000000,0.000055
Q_ind_304_anc_2-1,0.000006,0.000000,0.000000,0.000028
Q_ind_305_anc_2-1,0.000006,0.000000,0.000000,0.000044
Q_ind_306_anc_2-1,0.000003,0.000000,0.000000,0.000014
Q_ind_307_anc_2-1,0.000003,0.000000,0.000000,0.000017
Q_ind_308_anc_2-1,0.000002,0.000000,0.000000,0.000008
Q_ind_309_anc_2-1,0.000002,0.000000,0.000000,0.000009
Q_ind_310_anc_2-1,0.000002,0.000000,0.000000,0.000011
Q_ind_311_anc_2-1,0.000003,0.000000,0.000000,0.000015
Q_ind_312_anc_2-1,0.000003,0.000000,0.000000,0.000016
Q_ind_313_anc_2-1,0.007405,0.007332,0.004746,0.010533
Q_ind_314_anc_2-1,0.000003,0.000000,0.000000,0.000009
Q_ind_315_anc_2-1,0.000002,0.000000,0.000000,0.000013
Q_ind_316_anc_2-1,0.000003,0.000000,0.000000,0.000010
Q_ind_317_anc_2-1,0.000002,0.000000,0.000000,0.000009
Q_ind_318_anc_2-1,0.000002,0.000000,0.000000,0.000010
Q_ind_319_anc_2-1,0.000003,0.000000,0.000000,0.000011
Q_ind_320_anc_2-1,0.000002,0.000000,0.000000,0.000008
Q_ind_321_anc_2-1,0.000003,0.000000,0.000000,0.000016
Q_ind_322_anc_2-1,0.000002,0.000000,0.000000,0.000008
Q_ind_323_anc_2-1,0.000002,0.000000,0.000000,0.000012
Q_ind_324_anc_2-1,0.000002,0.000000,0.000000,0.000013
Q_ind_325_anc_2-1,0.000009,0.000000,0.000000,0.000092
Q_ind_326_anc_2-1,0.000002,0.000000,0.000000,0.000008
Q_ind_327_anc_2-1,0.000003,0.000000,0.000000,0.000013
Q_ind_328_anc_2-1,0.000004,0.000000,0.000000,0.000025
Q_ind_329_anc_2-1,0.000002,0.000000,0.000000,0.000012
Q_ind_330_anc_2-1,0.651358,0.651417,0.636641,0.666660
Q_ind_331_anc_2-1,0.000003,0.000000,0.000000,0.000013
Q_ind_332_anc_2-1,0.000002,0.000000,0.000000,0.000011
Q_ind_333_anc_2-1,0.000053,0.000000,0.000000,0.000784
Q_ind_334_anc_2-1,0.000002,0.000000,0.000000,0.000010
Q_ind_335_anc_2-1,0.000002,0.000000,0.000000,0.000010
Q_ind_336_anc_2-1,0.000002,0.000000,0.000000,0.000011
Q_ind_337_anc_2-1,0.000002,0.000000,0.000000,0.000015
Q_ind_338_anc_2-1,0.000002,0.000000,0.000000,0.000011
Q_ind_339_anc_2-1,0.000002,0.000000,0.000000,0.000010
Q_ind_340_anc_2-1,0.000002,0.000000,0.000000,0.000007
Q_ind_341_anc_2-1,0.000002,0.000000,0.000000,0.000010
Q_ind_342_anc_2-1,0.000103,0.000000,0.000000,0.001236
Q_ind_343_anc_2-1,0.000002,0.000000,0.000000,0.000007
Q_ind_344_anc_2-1,0.000004,0.000000,0.000000,0.000018
Q_ind_345_anc_2-1,0.000002,0.000000,0.000000,0.000013
Q_ind_346_anc_2-1,0.000002,0.000000,0.000000,0.000013
Q_ind_347_anc_2-1,0.000003,0.000000,0.000000,0.000012
Q_ind_348_anc_2-1,0.000002,0.000000,0.000000,0.000012
Q_ind_349_anc_2-1,0.000002,0.000000,0.000000,0.000010
Q_ind_350_anc_2-1,0.000003,0.000000,0.000000,0.000012
Q_ind_351_anc_2-1,0.000002,0.000000,0.000000,0.000011
Q_ind_352_anc_2-1,0.000005,0.000000,0.000000,0.000029
Q_ind_353_anc_2-1,0.000002,0.000000,0.000000,0.000014
Q_ind_354_anc_2-1,0.000002,0.000000,0.000000,0.000012
Q_ind_355_anc_2-1,0.000003,0.000000,0.000000,0.000014
Q_ind_356_anc_2-1,0.000002,0.000000,0.000000,0.000012
Q_ind_357_anc_2-1,0.000003,0.000000,0.000000,0.000016
Q_ind_358_anc_2-1,0.000005,0.000000,0.000000,0.000028
Q_ind_359_anc_2-1,0.000002,0.000000,0.000000,0.000014
Q_ind_360_anc_2-1,0.000002,0.000000,0.000000,0.000010
Q_ind_361_anc_2-1,0.000003,0.000000,0.000000,0.000018
Q_ind_362_anc_2-1,0.000002,0.000000,0.000000,0.000010
Q_ind_363_anc_2-1,0.000004,0.000000,0.000000,0.000020
Q_ind_364_anc_2-1,0.000002,0.000000,0.000000,0.000012
Q_ind_365_anc_2-1,0.000002,0.000000,0.000000,0.000011
Q_ind_366_anc_2-1,0.000002,0.000000,0.000000,0.000007
Q_ind_367_anc_2-1,0.000002,0.000000,0.000000,0.000008
Q_ind_368_anc_2-1,0.000008,0.000000,0.000000,0.000054
Q_ind_369_anc_2-1,0.000002,0.000000,0.000000,0.000009
Q_ind_370_anc_2-1,0.000002,0.000000,0.000000,0.000010
Q_ind_371_anc_2-1,0.000002,0.000000,0.000000,0.000011
Q_ind_372_anc_2-1,0.000002,0.000000,0.000000,0.000009
Q_ind_373_anc_2-1,0.000002,0.000000,0.000000,0.000010
Q_ind_374_anc_2-1,0.000002,0.000000,0.000000,0.000009
Q_ind_375_anc_2-1,0.000020,0.000000,0.000000,0.000281
Q_ind_376_anc_2-1,0.000002,0.000000,0.000000,0.000010
Q_ind_377_anc_2-1,0.000003,0.000000,0.000000,0.000017
Q_ind_378_anc_2-1,0.000002,0.000000,0.000000,0.000011
Q_ind_379_anc_2-1,0.000002,0.000000,0.000000,0.000013
Q_ind_380_anc_2-1,0.000004,0.000000,0.000000,0.000028
Q_ind_381_anc_2-1,0.000003,0.000000,0.000000,0.000009
Q_ind_382_anc_2-1,0.000002,0.000000,0.000000,0.000010
Q_ind_383_anc_2-1,0.000006,0.000000,0.000000,0.000036
Q_ind_384_anc_2-1,0.000003,0.000000,0.000000,0.000011
Q_ind_385_anc_2-1,0.002199,0.002121,0.000805,0.004013
Q_ind_386_anc_2-1,0.000002,0.000000,0.000000,0.000010
Q_ind_387_anc_2-1,0.000264,0.000000,0.000000,0.001704
Q_ind_388_anc_2-1,0.000004,0.000000,0.000000,0.000023
Q_ind_389_anc_2-1,0.000006,0.000000,0.000000,0.000034
Q_ind_390_anc_2-1,0.000005,0.000000,0.000000,0.000037
Q_ind_391_anc_2-1,0.001198,0.001200,0.000000,0.002946
Q_ind_392_anc_2-1,0.000004,0.000000,0.000000,0.000018
Q_ind_393_anc_2-1,0.000003,0.000000,0.000000,0.000016
Q_ind_394_anc_2-1,0.000005,0.000000,0.000000,0.000027
Q_ind_395_anc_2-1,0.000002,0.000000,0.000000,0.000011
Q_ind_396_anc_2-1,0.000003,0.000000,0.000000,0.000016
Q_ind_397_anc_2-1,0.000003,0.000000,0.000000,0.000016
Q_ind_398_anc_2-1,0.000006,0.000000,0.000000,0.000042
Q_ind_399_anc_2-1,0.000006,0.000000,0.000000,0.000030
Q_ind_400_anc_2-1,0.000004,0.000000,0.000000,0.000017
Q_ind_401_anc_2-1,0.000004,0.000000,0.000000,0.000030
Q_ind_402_anc_2-1,0.000006,0.000000,0.000000,0.000058
Q_ind_403_anc_2-1,0.000010,0.000000,0.000000,0.000100
Q_ind_404_anc_2-1,0.000005,0.000000,0.000000,0.000031
Q_ind_405_anc_2-1,0.000003,0.000000,0.000000,0.000011
Q_ind_406_anc_2-1,0.000005,0.000000,0.000000,0.000027
Q_ind_407_anc_2-1,0.000004,0.000000,0.000000,0.000025
Q_ind_408_anc_2-1,0.000005,0.000000,0.000000,0.000037
Q_ind_409_anc_2-1,0.000003,0.000000,0.000000,0.000015
Q_ind_410_anc_2-1,0.000002,0.000000,0.000000,0.000010
Q_ind_411_anc_2-1,0.000003,0.000000,0.000000,0.000017
Q_ind_412_anc_2-1,0.000003,0.000000,0.000000,0.000017
Q_ind_413_anc_2-1,0.000003,0.000000,0.000000,0.000012
Q_ind_414_anc_2-1,0.000003,0.000000,0.000000,0.000011
Q_ind_415_anc_2-1,0.000003,0.000000,0.000000,0.000016
Q_ind_416_anc_2-1,0.000004,0.000000,0.000000,0.000013
Q_ind_417_anc_2-1,0.000006,0.000000,0.000000,0.000039
Q_ind_418_anc_2-1,0.000010,0.000000,0.000000,0.000084
Q_ind_419_anc_2-1,0.000002,0.000000,0.000000,0.000008
Q_ind_420_anc_2-1,0.000005,0.000000,0.000000,0.000014
Q_ind_421_anc_2-1,0.000003,0.000000,0.000000,0.000017
Q_ind_422_anc_2-1,0.000005,0.000000,0.000000,0.000017
Q_ind_423_anc_2-1,0.000016,0.000000,0.000000,0.000155
Q_ind_424_anc_2-1,0.000011,0.000000,0.000000,0.000097
Q_ind_425_anc_2-1,0.000010,0.000000,0.000000,0.000066
Q_ind_426_anc_2-1,0.000005,0.000000,0.000000,0.000039
Q_ind_427_anc_2-1,0.000005,0.000000,0.000000,0.000024
Q_ind_428_anc_2-1,0.000094,0.000000,0.000000,0.001041
Q_ind_1_anc_2-2,0.000002,0.000000,0.000000,0.000010
Q_ind_2_anc_2-2,0.000016,0.000000,0.000000,0.000208
Q_ind_3_anc_2-2,0.002013,0.001910,0.000636,0.003980
Q_ind_4_anc_2-2,0.006158,0.006070,0.003837,0.009060
Q_ind_5_anc_2-2,0.011690,0.011615,0.008355,0.015468
Q_ind_6_anc_2-2,0.005854,0.005771,0.003599,0.008567
Q_ind_7_anc_2-2,0.009398,0.009311,0.006394,0.012891
Q_ind_8_anc_2-2,0.006192,0.006094,0.003856,0.009012
Q_ind_9_anc_2-2,0.006929,0.006864,0.004442,0.009849
Q_ind_10_anc_2-2,0.004961,0.004880,0.002813,0.007551
Q_ind_11_anc_2-2,0.009205,0.009145,0.006350,0.012542
Q_ind_12_anc_2-2,0.005393,0.005295,0.003275,0.008060
Q_ind_13_anc_2-2,0.004720,0.004622,0.002598,0.007326
Q_ind_14_anc_2-2,0.007330,0.007211,0.004697,0.010543
Q_ind_15_anc_2-2,0.011707,0.011641,0.008312,0.015808
Q_ind_16_anc_2-2,0.007608,0.007537,0.004972,0.010767
Q_ind_17_anc_2-2,0.002208,0.002108,0.000838,0.004132
Q_ind_18_anc_2-2,0.009708,0.009525,0.006149,0.014345
Q_ind_19_anc_2-2,0.007113,0.007042,0.004648,0.010025
Q_ind_20_anc_2-2,0.006021,0.005949,0.003762,0.008758
Q_ind_21_anc_2-2,0.004021,0.003936,0.002136,0.006395
Q_ind_22_anc_2-2,0.004788,0.004695,0.002746,0.007283
Q_ind_23_anc_2-2,0.002456,0.002362,0.001073,0.004313
Q_ind_24_anc_2-2,0.003837,0.003741,0.002031,0.006118
Q_ind_25_anc_2-2,0.004620,0.004527,0.002707,0.007078
Q_ind_26_anc_2-2,0.003114,0.003033,0.001432,0.005266
Q_ind_27_anc_2-2,0.006880,0.006791,0.004341,0.009932
Q_ind_28_anc_2-2,0.008933,0.008812,0.006038,0.012357
Q_ind_29_anc_2-2,0.001401,0.001315,0.000294,0.003003
Q_ind_30_anc_2-2,0.003290,0.003187,0.001599,0.005503
Q_ind_31_anc_2-2,0.999996,1.000000,0.999965,1.000000
Q_ind_32_anc_2-2,0.999995,1.000000,0.999954,1.000000
Q_ind_33_anc_2-2,0.999995,1.000000,0.999956,1.000000
Q_ind_34_anc_2-2,0.999995,1.000000,0.999947,1.000000
Q_ind_35_anc_2-2,0.999995,1.000000,0.999947,1.000000
Q_ind_36_anc_2-2,0.999995,1.000000,0.999952,1.000000
Q_ind_37_anc_2-2,0.999993,1.000000,0.999923,1.000000
Q_ind_38_anc_2-2,0.999996,1.000000,0.999963,1.000000
Q_ind_39_anc_2-2,0.999959,1.000000,0.999422,1.000000
Q_ind_40_anc_2-2,0.999995,1.000000,0.999945,1.000000
Q_ind_41_anc_2-2,0.999996,1.000000,0.999963,1.000000
Q_ind_42_anc_2-2,0.999996,1.000000,0.999958,1.000000
Q_ind_43_anc_2-2,0.999996,1.000000,0.999965,1.000000
Q_ind_44_anc_2-2,0.999996,1.000000,0.999956,1.000000
Q_ind_45_anc_2-2,0.999996,1.000000,0.999962,1.000000
Q_ind_46_anc_2-2,0.999993,1.000000,0.999923,1.000000
Q_ind_47_anc_2-2,0.999996,1.000000,0.999960,1.000000
Q_ind_48_anc_2-2,0.999995,1.000000,0.999946,1.000000
Q_ind_49_anc_2-2,0.999993,1.000000,0.999926,1.000000
Q_ind_50_anc_2-2,0.999993,1.000000,0.999937,1.000000
Q_ind_51_anc_2-2,0.999996,1.000000,0.999962,1.000000
Q_ind_52_anc_2-2,0.999996,1.000000,0.999960,1.000000
Q_ind_53_anc_2-2,0.999996,1.000000,0.999962,1.000000
Q_ind_54_anc_2-2,0.999997,1.000000,0.999973,1.000000
Q_ind_55_anc_2-2,0.999996,1.000000,0.999954,1.000000
Q_ind_56_anc_2-2,0.999996,1.000000,0.999957,1.000000
Q_ind_57_anc_2-2,0.999984,1.000000,0.999793,1.000000
Q_ind_58_anc_2-2,0.999995,1.000000,0.999952,1.000000
Q_ind_59_anc_2-2,0.999995,1.000000,0.999952,1.000000
Q_ind_60_anc_2-2,0.999995,1.000000,0.999949,1.000000
Q_ind_61_anc_2-2,0.004680,0.004611,0.002664,0.007172
Q_ind_62_anc_2-2,0.000006,0.000000,0.000000,0.000055
Q_ind_63_anc_2-2,0.000018,0.000000,0.000000,0.000251
Q_ind_64_anc_2-2,0.000029,0.000000,0.000000,0.000386
Q_ind_65_anc_2-2,0.000037,0.000000,0.000000,0.000480
Q_ind_66_anc_2-2,0.000075,0.000000,0.000000,0.000907
Q_ind_67_anc_2-2,0.000018,0.000000,0.000000,0.000260
Q_ind_68_anc_2-2,0.000026,0.000000,0.000000,0.000352
Q_ind_69_anc_2-2,0.000004,0.000000,0.000000,0.000025
Q_ind_70_anc_2-2,0.000177,0.000000,0.000000,0.001264
Q_ind_71_anc_2-2,0.000720,0.000633,0.000000,0.001994
Q_ind_72_anc_2-2,0.000985,0.000896,0.000054,0.002331
Q_ind_73_anc_2-2,0.001601,0.001506,0.000527,0.003192
Q_ind_74_anc_2-2,0.000438,0.000000,0.000000,0.002192
Q_ind_75_anc_2-2,0.003379,0.003267,0.001588,0.005753
Q_ind_76_anc_2-2,0.006997,0.006910,0.004342,0.010206
Q_ind_77_anc_2-2,0.000919,0.000827,0.000100,0.002240
Q_ind_78_anc_2-2,0.000209,0.000000,0.000000,0.001392
Q_ind_79_anc_2-2,0.000450,0.000279,0.000000,0.001822
Q_ind_80_anc_2-2,0.016427,0.016360,0.012331,0.020942
Q_ind_81_anc_2-2,0.012905,0.012789,0.009188,0.017042
Q_ind_82_anc_2-2,0.006654,0.006562,0.004115,0.009803
Q_ind_83_anc_2-2,0.017496,0.017381,0.013241,0.022201
Q_ind_84_anc_2-2,0.003011,0.002915,0.001436,0.005113
Q_ind_85_anc_2-2,0.009275,0.009221,0.006116,0.012779
Q_ind_86_anc_2-2,0.003036,0.002935,0.001459,0.005169
Q_ind_87_anc_2-2,0.006056,0.005966,0.003584,0.009053
Q_ind_88_anc_2-2,0.005190,0.005090,0.002959,0.007971
Q_ind_89_anc_2-2,0.012190,0.012059,0.008489,0.016633
Q_ind_90_anc_2-2,0.007285,0.007180,0.004673,0.010317
Q_ind_91_anc_2-2,0.008133,0.008042,0.005465,0.011192
Q_ind_92_anc_2-2,0.009488,0.009398,0.006364,0.013007
Q_ind_93_anc_2-2,0.006252,0.006171,0.003800,0.009064
Q_ind_94_anc_2-2,0.012738,0.012645,0.009207,0.016914
Q_ind_95_anc_2-2,0.007281,0.007174,0.004676,0.010488
Q_ind_96_anc_2-2,0.006062,0.005974,0.003722,0.008925
Q_ind_97_anc_2-2,0.999966,1.000000,0.999531,1.000000
Q_ind_98_anc_2-2,0.999993,1.000000,0.999933,1.000000
Q_ind_99_anc_2-2,0.999994,1.000000,0.999950,1.000000
Q_ind_100_anc_2-2,0.000113,0.000000,0.000000,0.000987
Q_ind_101_anc_2-2,0.000008,0.000000,0.000000,0.000055
Q_ind_102_anc_2-2,0.999995,1.000000,0.999951,1.000000
Q_ind_103_anc_2-2,0.999980,1.000000,0.999746,1.000000
Q_ind_104_anc_2-2,0.999994,1.000000,0.999928,1.000000
Q_ind_105_anc_2-2,0.999995,1.000000,0.999958,1.000000
Q_ind_106_anc_2-2,0.999996,1.000000,0.999956,1.000000
Q_ind_107_anc_2-2,0.999996,1.000000,0.999959,1.000000
Q_ind_108_anc_2-2,0.999990,1.000000,0.999892,1.000000
Q_ind_109_anc_2-2,0.999993,1.000000,0.999920,1.000000
Q_ind_110_anc_2-2,0.999980,1.000000,0.999723,1.000000
Q_ind_111_anc_2-2,0.999996,1.000000,0.999959,1.000000
Q_ind_112_anc_2-2,0.999995,1.000000,0.999954,1.000000
Q_ind_113_anc_2-2,0.999993,1.000000,0.999936,1.000000
Q_ind_114_anc_2-2,0.999995,1.000000,0.999951,1.000000
Q_ind_115_anc_2-2,0.999159,0.999251,0.997340,1.000000
Q_ind_116_anc_2-2,0.993061,0.993129,0.990262,0.995473
Q_ind_117_anc_2-2,0.988872,0.988958,0.985259,0.992152
Q_ind_118_anc_2-2,0.996238,0.996305,0.993971,0.998054
Q_ind_119_anc_2-2,0.999994,1.000000,0.999932,1.000000
Q_ind_120_anc_2-2,0.999995,1.000000,0.999954,1.000000
Q_ind_121_anc_2-2,0.999995,1.000000,0.999955,1.000000
Q_ind_122_anc_2-2,0.999994,1.000000,0.999931,1.000000
Q_ind_123_anc_2-2,0.999995,1.000000,0.999939,1.000000
Q_ind_124_anc_2-2,0.999994,1.000000,0.999934,1.000000
Q_ind_125_anc_2-2,0.999812,0.999895,0.999155,1.000000
Q_ind_126_anc_2-2,0.999994,1.000000,0.999942,1.000000
Q_ind_127_anc_2-2,0.999995,1.000000,0.999951,1.000000
Q_ind_128_anc_2-2,0.999992,1.000000,0.999913,1.000000
Q_ind_129_anc_2-2,0.999950,1.000000,0.999436,1.000000
Q_ind_130_anc_2-2,0.999989,1.000000,0.999865,1.000000
Q_ind_131_anc_2-2,0.999995,1.000000,0.999952,1.000000
Q_ind_132_anc_2-2,0.999993,1.000000,0.999944,1.000000
Q_ind_133_anc_2-2,0.999995,1.000000,0.999954,1.000000
Q_ind_134_anc_2-2,0.999996,1.000000,0.999954,1.000000
Q_ind_135_anc_2-2,0.999995,1.000000,0.999946,1.000000
Q_ind_136_anc_2-2,0.999929,1.000000,0.999453,1.000000
Q_ind_137_anc_2-2,0.999995,1.000000,0.999950,1.000000
Q_ind_138_anc_2-2,0.999995,1.000000,0.999945,1.000000
Q_ind_139_anc_2-2,0.999996,1.000000,0.999959,1.000000
Q_ind_140_anc_2-2,0.999996,1.000000,0.999960,1.000000
Q_ind_141_anc_2-2,0.999995,1.000000,0.999951,1.000000
Q_ind_142_anc_2-2,0.999995,1.000000,0.999953,1.000000
Q_ind_143_anc_2-2,0.999996,1.000000,0.999963,1.000000
Q_ind_144_anc_2-2,0.999991,1.000000,0.999908,1.000000
Q_ind_145_anc_2-2,0.999996,1.000000,0.999962,1.000000
Q_ind_146_anc_2-2,0.999995,1.000000,0.999959,1.000000
Q_ind_147_anc_2-2,0.999995,1.000000,0.999947,1.000000
Q_ind_148_anc_2-2,0.999996,1.000000,0.999961,1.000000
Q_ind_149_anc_2-2,0.999995,1.000000,0.999964,1.000000
Q_ind_150_anc_2-2,0.999996,1.000000,0.999958,1.000000
Q_ind_151_anc_2-2,0.999996,1.000000,0.999955,1.000000
Q_ind_152_anc_2-2,0.999995,1.000000,0.999958,1.000000
Q_ind_153_anc_2-2,0.999995,1.000000,0.999938,1.000000
Q_ind_154_anc_2-2,0.999996,1.000000,0.999959,1.000000
Q_ind_155_anc_2-2,0.999994,1.000000,0.999948,1.000000
Q_ind_156_anc_2-2,0.999996,1.000000,0.999954,1.000000
Q_ind_157_anc_2-2,0.999992,1.000000,0.999918,1.000000
Q_ind_158_anc_2-2,0.999995,1.000000,0.999955,1.000000
Q_ind_159_anc_2-2,0.999993,1.000000,0.999923,1.000000
Q_ind_160_anc_2-2,0.999994,1.000000,0.999931,1.000000
Q_ind_161_anc_2-2,0.999995,1.000000,0.999947,1.000000
Q_ind_162_anc_2-2,0.999996,1.000000,0.999951,1.000000
Q_ind_163_anc_2-2,0.999988,1.000000,0.999880,1.000000
Q_ind_164_anc_2-2,0.999996,1.000000,0.999957,1.000000
Q_ind_165_anc_2-2,0.999996,1.000000,0.999961,1.000000
Q_ind_166_anc_2-2,0.999994,1.000000,0.999934,1.000000
Q_ind_167_anc_2-2,0.999995,1.000000,0.999949,1.000000
Q_ind_168_anc_2-2,0.999995,1.000000,0.999951,1.000000
Q_ind_169_anc_2-2,0.999994,1.000000,0.999929,1.000000
Q_ind_170_anc_2-2,0.999995,1.000000,0.999947,1.000000
Q_ind_171_anc_2-2,0.999995,1.000000,0.999947,1.000000
Q_ind_172_anc_2-2,0.999995,1.000000,0.999957,1.000000
Q_ind_173_anc_2-2,0.999994,1.000000,0.999937,1.000000
Q_ind_174_anc_2-2,0.999996,1.000000,0.999953,1.000000
Q_ind_175_anc_2-2,0.999996,1.000000,0.999958,1.000000
Q_ind_176_anc_2-2,0.999996,1.000000,0.999959,1.000000
Q_ind_177_anc_2-2,0.999995,1.000000,0.999956,1.000000
Q_ind_178_anc_2-2,0.999995,1.000000,0.999952,1.000000
Q_ind_179_anc_2-2,0.999984,1.000000,0.999807,1.000000
Q_ind_180_anc_2-2,0.999995,1.000000,0.999949,1.000000
Q_ind_181_anc_2-2,0.999996,1.000000,0.999953,1.000000
Q_ind_182_anc_2-2,0.999995,1.000000,0.999953,1.000000
Q_ind_183_anc_2-2,0.999996,1.000000,0.999954,1.000000
Q_ind_184_anc_2-2,0.999996,1.000000,0.999965,1.000000
Q_ind_185_anc_2-2,0.999996,1.000000,0.999964,1.000000
Q_ind_186_anc_2-2,0.999995,1.000000,0.999955,1.000000
Q_ind_187_anc_2-2,0.999995,1.000000,0.999944,1.000000
Q_ind_188_anc_2-2,0.999994,1.000000,0.999942,1.000000
Q_ind_189_anc_2-2,0.999995,1.000000,0.999954,1.000000
Q_ind_190_anc_2-2,0.999995,1.000000,0.999958,1.000000
Q_ind_191_anc_2-2,0.999992,1.000000,0.999922,1.000000
Q_ind_192_anc_2-2,0.999996,1.000000,0.999956,1.000000
Q_ind_193_anc_2-2,0.999995,1.000000,0.999945,1.000000
Q_ind_194_anc_2-2,0.999996,1.000000,0.999965,1.000000
Q_ind_195_anc_2-2,0.999994,1.000000,0.999942,1.000000
Q_ind_196_anc_2-2,0.999995,1.000000,0.999957,1.000000
Q_ind_197_anc_2-2,0.999996,1.000000,0.999961,1.000000
Q_ind_198_anc_2-2,0.999994,1.000000,0.999948,1.000000
Q_ind_199_anc_2-2,0.999993,1.000000,0.999929,1.000000
Q_ind_200_anc_2-2,0.999995,1.000000,0.999950,1.000000
Q_ind_201_anc_2-2,0.999992,1.000000,0.999917,1.000000
Q_ind_202_anc_2-2,0.999994,1.000000,0.999941,1.000000
Q_ind_203_anc_2-2,0.999991,1.000000,0.999894,1.000000
Q_ind_204_anc_2-2,0.999996,1.000000,0.999955,1.000000
Q_ind_205_anc_2-2,0.999991,1.000000,0.999919,1.000000
Q_ind_206_anc_2-2,0.999996,1.000000,0.999966,1.000000
Q_ind_207_anc_2-2,0.999996,1.000000,0.999955,1.000000
Q_ind_208_anc_2-2,0.999995,1.000000,0.999952,1.000000
Q_ind_209_anc_2-2,0.999996,1.000000,0.999962,1.000000
Q_ind_210_anc_2-2,0.999996,1.000000,0.999960,1.000000
Q_ind_211_anc_2-2,0.999989,1.000000,0.999882,1.000000
Q_ind_212_anc_2-2,0.999996,1.000000,0.999963,1.000000
Q_ind_213_anc_2-2,0.999995,1.000000,0.999949,1.000000
Q_ind_214_anc_2-2,0.999996,1.000000,0.999956,1.000000
Q_ind_215_anc_2-2,0.999997,1.000000,0.999964,1.000000
Q_ind_216_anc_2-2,0.999971,1.000000,0.999576,1.000000
Q_ind_217_anc_2-2,0.999993,1.000000,0.999928,1.000000
Q_ind_218_anc_2-2,0.999995,1.000000,0.999947,1.000000
Q_ind_219_anc_2-2,0.999996,1.000000,0.999959,1.000000
Q_ind_220_anc_2-2,0.999969,1.000000,0.999579,1.000000
Q_ind_221_anc_2-2,0.999993,1.000000,0.999908,1.000000
Q_ind_222_anc_2-2,0.999996,1.000000,0.999957,1.000000
Q_ind_223_anc_2-2,0.999924,1.000000,0.999311,1.000000
Q_ind_224_anc_2-2,0.999996,1.000000,0.999966,1.000000
Q_ind_225_anc_2-2,0.999994,1.000000,0.999939,1.000000
Q_ind_226_anc_2-2,0.999995,1.000000,0.999943,1.000000
Q_ind_227_anc_2-2,0.999996,1.000000,0.999962,1.000000
Q_ind_228_anc_2-2,0.999994,1.000000,0.999942,1.000000
Q_ind_229_anc_2-2,0.999996,1.000000,0.999959,1.000000
Q_ind_230_anc_2-2,0.999996,1.000000,0.999955,1.000000
Q_ind_231_anc_2-2,0.999995,1.000000,0.999960,1.000000
Q_ind_232_anc_2-2,0.999995,1.000000,0.999958,1.000000
Q_ind_233_anc_2-2,0.999995,1.000000,0.999951,1.000000
Q_ind_234_anc_2-2,0.999995,1.000000,0.999958,1.000000
Q_ind_235_anc_2-2,0.999995,1.000000,0.999951,1.000000
Q_ind_236_anc_2-2,0.999995,1.000000,0.999949,1.000000
Q_ind_237_anc_2-2,0.999996,1.000000,0.999953,1.000000
Q_ind_238_anc_2-2,0.999996,1.000000,0.999952,1.000000
Q_ind_239_anc_2-2,0.999996,1.000000,0.999955,1.000000
Q_ind_240_anc_2-2,0.999995,1.000000,0.999949,1.000000
Q_ind_241_anc_2-2,0.999996,1.000000,0.999962,1.000000
Q_ind_242_anc_2-2,0.999996,1.000000,0.999958,1.000000
Q_ind_243_anc_2-2,0.999995,1.000000,0.999953,1.000000
Q_ind_244_anc_2-2,0.999996,1.000000,0.999959,1.000000
Q_ind_245_anc_2-2,0.999996,1.000000,0.999956,1.000000
Q_ind_246_anc_2-2,0.999996,1.000000,0.999961,1.000000
Q_ind_247_anc_2-2,0.999994,1.000000,0.999940,1.000000
Q_ind_248_anc_2-2,0.999996,1.000000,0.999960,1.000000
Q_ind_249_anc_2-2,0.999996,1.000000,0.999968,1.000000
Q_ind_250_anc_2-2,0.999996,1.000000,0.999963,1.000000
Q_ind_251_anc_2-2,0.999995,1.000000,0.999955,1.000000
Q_ind_252_anc_2-2,0.999996,1.000000,0.999956,1.000000
Q_ind_253_anc_2-2,0.999996,1.000000,0.999970,1.000000
Q_ind_254_anc_2-2,0.999995,1.000000,0.999962,1.000000
Q_ind_255_anc_2-2,0.999996,1.000000,0.999954,1.000000
Q_ind_256_anc_2-2,0.999996,1.000000,0.999961,1.000000
Q_ind_257_anc_2-2,0.999996,1.000000,0.999962,1.000000
Q_ind_258_anc_2-2,0.999996,1.000000,0.999962,1.000000
Q_ind_259_anc_2-2,0.999995,1.000000,0.999953,1.000000
Q_ind_260_anc_2-2,0.999903,1.000000,0.998906,1.000000
Q_ind_261_anc_2-2,0.999995,1.000000,0.999954,1.000000
Q_ind_262_anc_2-2,0.999992,1.000000,0.999931,1.000000
Q_ind_263_anc_2-2,0.999996,1.000000,0.999964,1.000000
Q_ind_264_anc_2-2,0.999991,1.000000,0.999898,1.000000
Q_ind_265_anc_2-2,0.999995,1.000000,0.999954,1.000000
Q_ind_266_anc_2-2,0.999996,1.000000,0.999963,1.000000
Q_ind_267_anc_2-2,0.999996,1.000000,0.999963,1.000000
Q_ind_268_anc_2-2,0.999995,1.000000,0.999934,1.000000
Q_ind_269_anc_2-2,0.999995,1.000000,0.999948,1.000000
Q_ind_270_anc_2-2,0.999995,1.000000,0.999954,1.000000
Q_ind_271_anc_2-2,0.999994,1.000000,0.999936,1.000000
Q_ind_272_anc_2-2,0.999995,1.000000,0.999952,1.000000
Q_ind_273_anc_2-2,0.999994,1.000000,0.999931,1.000000
Q_ind_274_anc_2-2,0.999996,1.000000,0.999955,1.000000
Q_ind_275_anc_2-2,0.999995,1.000000,0.999951,1.000000
Q_ind_276_anc_2-2,0.999995,1.000000,0.999958,1.000000
Q_ind_277_anc_2-2,0.999996,1.000000,0.999967,1.000000
Q_ind_278_anc_2-2,0.999996,1.000000,0.999963,1.000000
Q_ind_279_anc_2-2,0.999996,1.000000,0.999957,1.000000
Q_ind_280_anc_2-2,0.999995,1.000000,0.999961,1.000000
Q_ind_281_anc_2-2,0.999996,1.000000,0.999958,1.000000
Q_ind_282_anc_2-2,0.999993,1.000000,0.999923,1.000000
Q_ind_283_anc_2-2,0.999996,1.000000,0.999961,1.000000
Q_ind_284_anc_2-2,0.999996,1.000000,0.999949,1.000000
Q_ind_285_anc_2-2,0.999996,1.000000,0.999967,1.000000
Q_ind_286_anc_2-2,0.999996,1.000000,0.999968,1.000000
Q_ind_287_anc_2-2,0.999995,1.000000,0.999947,1.000000
Q_ind_288_anc_2-2,0.999996,1.000000,0.999961,1.000000
Q_ind_289_anc_2-2,0.999994,1.000000,0.999939,1.000000
Q_ind_290_anc_2-2,0.999994,1.000000,0.999937,1.000000
Q_ind_291_anc_2-2,0.999995,1.000000,0.999953,1.000000
Q_ind_292_anc_2-2,0.999995,1.000000,0.999945,1.000000
Q_ind_293_anc_2-2,0.999996,1.000000,0.999962,1.000000
Q_ind_294_anc_2-2,0.999989,1.000000,0.999864,1.000000
Q_ind_295_anc_2-2,0.999996,1.000000,0.999953,1.000000
Q_ind_296_anc_2-2,0.999996,1.000000,0.999965,1.000000
Q_ind_297_anc_2-2,0.999995,1.000000,0.999953,1.000000
Q_ind_298_anc_2-2,0.999996,1.000000,0.999962,1.000000
Q_ind_299_anc_2-2,0.999996,1.000000,0.999956,1.000000
Q_ind_300_anc_2-2,0.999995,1.000000,0.999947,1.000000
Q_ind_301_anc_2-2,0.999994,1.000000,0.999936,1.000000
Q_ind_302_anc_2-2,0.999994,1.000000,0.999939,1.000000
Q_ind_303_anc_2-2,0.999991,1.000000,0.999897,1.000000
Q_ind_304_anc_2-2,0.999992,1.000000,0.999927,1.000000
Q_ind_305_anc_2-2,0.999992,1.000000,0.999909,1.000000
Q_ind_306_anc_2-2,0.999996,1.000000,0.999951,1.000000
Q_ind_307_anc_2-2,0.999995,1.000000,0.999945,1.000000
Q_ind_308_anc_2-2,0.999996,1.000000,0.999964,1.000000
Q_ind_309_anc_2-2,0.999996,1.000000,0.999965,1.000000
Q_ind_310_anc_2-2,0.999996,1.000000,0.999958,1.000000
Q_ind_311_anc_2-2,0.999995,1.000000,0.999944,1.000000
Q_ind_312_anc_2-2,0.999995,1.000000,0.999955,1.000000
Q_ind_313_anc_2-2,0.992494,0.992570,0.989409,0.995120
Q_ind_314_anc_2-2,0.999993,1.000000,0.999924,1.000000
Q_ind_315_anc_2-2,0.999993,1.000000,0.999927,1.000000
Q_ind_316_anc_2-2,0.999995,1.000000,0.999954,1.000000
Q_ind_317_anc_2-2,0.999995,1.000000,0.999951,1.000000
Q_ind_318_anc_2-2,0.999996,1.000000,0.999960,1.000000
Q_ind_319_anc_2-2,0.999996,1.000000,0.999958,1.000000
Q_ind_320_anc_2-2,0.999995,1.000000,0.999948,1.000000
Q_ind_321_anc_2-2,0.999991,1.000000,0.999901,1.000000
Q_ind_322_anc_2-2,0.999995,1.000000,0.999944,1.000000
Q_ind_323_anc_2-2,0.999995,1.000000,0.999958,1.000000
Q_ind_324_anc_2-2,0.999996,1.000000,0.999956,1.000000
Q_ind_325_anc_2-2,0.999989,1.000000,0.999870,1.000000
Q_ind_326_anc_2-2,0.999996,1.000000,0.999965,1.000000
Q_ind_327_anc_2-2,0.999996,1.000000,0.999957,1.000000
Q_ind_328_anc_2-2,0.999994,1.000000,0.999948,1.000000
Q_ind_329_anc_2-2,0.999995,1.000000,0.999954,1.000000
Q_ind_330_anc_2-2,0.301776,0.301711,0.287209,0.316259
Q_ind_331_anc_2-2,0.999995,1.000000,0.999953,1.000000
Q_ind_332_anc_2-2,0.999996,1.000000,0.999958,1.000000
Q_ind_333_anc_2-2,0.999903,1.000000,0.999117,1.000000
Q_ind_334_anc_2-2,0.999996,1.000000,0.999967,1.000000
Q_ind_335_anc_2-2,0.999996,1.000000,0.999968,1.000000
Q_ind_336_anc_2-2,0.999995,1.000000,0.999956,1.000000
Q_ind_337_anc_2-2,0.999996,1.000000,0.999958,1.000000
Q_ind_338_anc_2-2,0.999996,1.000000,0.999960,1.000000
Q_ind_339_anc_2-2,0.999995,1.000000,0.999959,1.000000
Q_ind_340_anc_2-2,0.999996,1.000000,0.999957,1.000000
Q_ind_341_anc_2-2,0.999996,1.000000,0.999962,1.000000
Q_ind_342_anc_2-2,0.999894,1.000000,0.998764,1.000000
Q_ind_343_anc_2-2,0.999995,1.000000,0.999948,1.000000
Q_ind_344_anc_2-2,0.999994,1.000000,0.999944,1.000000
Q_ind_345_anc_2-2,0.999996,1.000000,0.999954,1.000000
Q_ind_346_anc_2-2,0.999995,1.000000,0.999953,1.000000
Q_ind_347_anc_2-2,0.999995,1.000000,0.999959,1.000000
Q_ind_348_anc_2-2,0.999996,1.000000,0.999958,1.000000
Q_ind_349_anc_2-2,0.999995,1.000000,0.999957,1.000000
Q_ind_350_anc_2-2,0.999995,1.000000,0.999959,1.000000
Q_ind_351_anc_2-2,0.999996,1.000000,0.999958,1.000000
Q_ind_352_anc_2-2,0.999992,1.000000,0.999924,1.000000
Q_ind_353_anc_2-2,0.999996,1.000000,0.999955,1.000000
Q_ind_354_anc_2-2,0.999995,1.000000,0.999951,1.000000
Q_ind_355_anc_2-2,0.999995,1.000000,0.999953,1.000000
Q_ind_356_anc_2-2,0.999996,1.000000,0.999957,1.000000
Q_ind_357_anc_2-2,0.999995,1.000000,0.999945,1.000000
Q_ind_358_anc_2-2,0.999992,1.000000,0.999930,1.000000
Q_ind_359_anc_2-2,0.999996,1.000000,0.999957,1.000000
Q_ind_360_anc_2-2,0.999986,1.000000,0.999858,1.000000
Q_ind_361_anc_2-2,0.999994,1.000000,0.999951,1.000000
Q_ind_362_anc_2-2,0.999996,1.000000,0.999959,1.000000
Q_ind_363_anc_2-2,0.999994,1.000000,0.999940,1.000000
Q_ind_364_anc_2-2,0.999976,1.000000,0.999687,1.000000
Q_ind_365_anc_2-2,0.999990,1.000000,0.999863,1.000000
Q_ind_366_anc_2-2,0.999996,1.000000,0.999966,1.000000
Q_ind_367_anc_2-2,0.999995,1.000000,0.999956,1.000000
Q_ind_368_anc_2-2,0.999987,1.000000,0.999855,1.000000
Q_ind_369_anc_2-2,0.999996,1.000000,0.999956,1.000000
Q_ind_370_anc_2-2,0.999996,1.000000,0.999964,1.000000
Q_ind_371_anc_2-2,0.999996,1.000000,0.999955,1.000000
Q_ind_372_anc_2-2,0.999996,1.000000,0.999954,1.000000
Q_ind_373_anc_2-2,0.999996,1.000000,0.999958,1.000000
Q_ind_374_anc_2-2,0.999995,1.000000,0.999940,1.000000
Q_ind_375_anc_2-2,0.999977,1.000000,0.999687,1.000000
Q_ind_376_anc_2-2,0.999996,1.000000,0.999968,1.000000
Q_ind_377_anc_2-2,0.999995,1.000000,0.999955,1.000000
Q_ind_378_anc_2-2,0.999996,1.000000,0.999962,1.000000
Q_ind_379_anc_2-2,0.999996,1.000000,0.999955,1.000000
Q_ind_380_anc_2-2,0.999993,1.000000,0.999903,1.000000
Q_ind_381_anc_2-2,0.999995,1.000000,0.999954,1.000000
Q_ind_382_anc_2-2,0.999996,1.000000,0.999972,1.000000
Q_ind_383_anc_2-2,0.999992,1.000000,0.999927,1.000000
Q_ind_384_anc_2-2,0.999995,1.000000,0.999960,1.000000
Q_ind_385_anc_2-2,0.997797,0.997875,0.995984,0.999195
Q_ind_386_anc_2-2,0.999996,1.000000,0.999957,1.000000
Q_ind_387_anc_2-2,0.999734,1.000000,0.998296,1.000000
Q_ind_388_anc_2-2,0.999994,1.000000,0.999933,1.000000
Q_ind_389_anc_2-2,0.999992,1.000000,0.999918,1.000000
Q_ind_390_anc_2-2,0.999992,1.000000,0.999915,1.000000
Q_ind_391_anc_2-2,0.998430,0.998471,0.996731,0.999783
Q_ind_392_anc_2-2,0.999994,1.000000,0.999936,1.000000
Q_ind_393_anc_2-2,0.999979,1.000000,0.999721,1.000000
Q_ind_394_anc_2-2,0.999991,1.000000,0.999906,1.000000
Q_ind_395_anc_2-2,0.999987,1.000000,0.999850,1.000000
Q_ind_396_anc_2-2,0.999996,1.000000,0.999958,1.000000
Q_ind_397_anc_2-2,0.999995,1.000000,0.999946,1.000000
Q_ind_398_anc_2-2,0.999990,1.000000,0.999871,1.000000
Q_ind_399_anc_2-2,0.999888,1.000000,0.998952,1.000000
Q_ind_400_anc_2-2,0.999992,1.000000,0.999931,1.000000
Q_ind_401_anc_2-2,0.999994,1.000000,0.999936,1.000000
Q_ind_402_anc_2-2,0.999783,0.999880,0.999049,1.000000
Q_ind_403_anc_2-2,0.999983,1.000000,0.999786,1.000000
Q_ind_404_anc_2-2,0.999993,1.000000,0.999916,1.000000
Q_ind_405_anc_2-2,0.999995,1.000000,0.999953,1.000000
Q_ind_406_anc_2-2,0.999993,1.000000,0.999940,1.000000
Q_ind_407_anc_2-2,0.999984,1.000000,0.999779,1.000000
Q_ind_408_anc_2-2,0.999959,1.000000,0.999505,1.000000
Q_ind_409_anc_2-2,0.999995,1.000000,0.999946,1.000000
Q_ind_410_anc_2-2,0.999995,1.000000,0.999948,1.000000
Q_ind_411_anc_2-2,0.999995,1.000000,0.999950,1.000000
Q_ind_412_anc_2-2,0.999990,1.000000,0.999891,1.000000
Q_ind_413_anc_2-2,0.999990,1.000000,0.999887,1.000000
Q_ind_414_anc_2-2,0.999994,1.000000,0.999946,1.000000
Q_ind_415_anc_2-2,0.999995,1.000000,0.999937,1.000000
Q_ind_416_anc_2-2,0.999991,1.000000,0.999900,1.000000
Q_ind_417_anc_2-2,0.999991,1.000000,0.999905,1.000000
Q_ind_418_anc_2-2,0.999974,1.000000,0.999668,1.000000
Q_ind_419_anc_2-2,0.999996,1.000000,0.999964,1.000000
Q_ind_420_anc_2-2,0.999980,1.000000,0.999715,1.000000
Q_ind_421_anc_2-2,0.999995,1.000000,0.999944,1.000000
Q_ind_422_anc_2-2,0.999993,1.000000,0.999938,1.000000
Q_ind_423_anc_2-2,0.999978,1.000000,0.999714,1.000000
Q_ind_424_anc_2-2,0.999987,1.000000,0.999857,1.000000
Q_ind_425_anc_2-2,0.998184,0.998297,0.996289,0.999546
Q_ind_426_anc_2-2,0.999993,1.000000,0.999921,1.000000
Q_ind_427_anc_2-2,0.999993,1.000000,0.999931,1.000000
Q_ind_428_anc_2-2,0.999903,1.000000,0.998959,1.000000
